Input file: tests/treefam.txt
Interval Limit: 2
Max number of converted speciations: -1
Output file: results/out_treefam_2_-1.csv


Running ILP model
Size of input data: n = 28 , m = 40520 , maxdup = 39246
Using license file /home/voronwe/gurobi.lic
Academic license - for non-commercial use only
Gurobi Optimizer version 9.0.1 build v9.0.1rc0 (linux64)
Optimize a model with 2589262 rows, 4748821 columns and 5025741 nonzeros
Model fingerprint: 0x4a6b7953
Model has 22884 quadratic constraints
Model has 136567 general constraints
Variable types: 0 continuous, 4748821 integer (2433252 binary)
Coefficient statistics:
  Matrix range     [1e+00, 5e+01]
  QMatrix range    [1e+00, 1e+00]
  QLMatrix range   [1e+00, 1e+00]
  Objective range  [1e+00, 1e+00]
  Bounds range     [1e+00, 1e+00]
  RHS range        [1e+00, 5e+01]
Presolve removed 2652598 rows and 4745181 columns (presolve time = 6s) ...
Presolve removed 2896717 rows and 4886775 columns (presolve time = 17s) ...
Presolve removed 2528351 rows and 4691866 columns
Presolve time: 17.49s
Presolved: 109736 rows, 67977 columns, 310084 nonzeros
Variable types: 0 continuous, 67977 integer (54445 binary)
Found heuristic solution: objective 172.0000000

Deterministic concurrent LP optimizer: primal and dual simplex
Showing first log only...


Root simplex log...

Iteration    Objective       Primal Inf.    Dual Inf.      Time
       0    5.0000000e+01   2.150000e+02   4.310000e+08     19s
Concurrent spin time: 0.00s

Solved with dual simplex

Root relaxation: objective 1.507556e+02, 12464 iterations, 0.27 seconds
Total elapsed time = 19.30s

    Nodes    |    Current Node    |     Objective Bounds      |     Work
 Expl Unexpl |  Obj  Depth IntInf | Incumbent    BestBd   Gap | It/Node Time

     0     0  150.75556    0   35  172.00000  150.75556  12.4%     -   19s
H    0     0                     151.0000000  150.75556  0.16%     -   20s
     0     0  150.75556    0   35  151.00000  150.75556  0.16%     -   20s

Explored 1 nodes (33217 simplex iterations) in 20.11 seconds
Thread count was 12 (of 12 available processors)

Solution count 2: 151 172 

Optimal solution found (tolerance 1.00e-04)
Best objective 1.510000000000e+02, best bound 1.510000000000e+02, gap 0.0000%
Gene tree support:
{0: [{0, 1, 2, 3, 6, 7, 9, 10, 11, 12, 14, 17, 18, 19, 22, 23, 27, 29, 30, 31, 32, 33, 34, 35, 37, 40, 41, 42, 43, 44, 45, 50, 51, 52, 54, 57, 59, 62, 63, 65, 66, 68, 70, 71, 72, 74, 75, 77, 78, 81, 82, 84, 85, 86, 88, 89, 90, 91, 92, 93, 94, 95, 96, 97, 105, 107, 108, 109, 110, 111, 112, 113, 114, 116, 118, 119, 120, 121, 123, 125, 126, 127, 128, 129, 130, 131, 138, 139, 140, 142, 143, 144, 146, 147, 149, 150, 151, 153, 154, 155, 156, 157, 158, 159, 161, 162, 163, 164, 165, 166, 167, 168, 169, 170, 171, 172, 173, 174, 175, 176, 178, 179, 180, 182, 183, 184, 185, 186, 187, 188, 189, 190, 191, 192, 193, 194, 196, 199, 202, 203, 204, 207, 208, 210, 218, 220, 222, 223, 227, 228, 229, 232, 233, 234, 235, 236, 238, 239, 240, 241, 242, 243, 244, 245, 246, 247, 248, 249, 250, 251, 252, 253, 254, 255, 256, 257, 259, 260, 261, 262, 263, 264, 265, 266, 271, 272, 273, 274, 275, 277, 278, 279, 280, 283, 284, 285, 287, 288, 289, 291, 292, 293, 294, 295, 297, 298, 299, 300, 304, 307, 308, 309, 310, 316, 317, 318, 319, 323, 325, 326, 329, 330, 331, 332, 333, 336, 339, 348, 352, 353, 354, 355, 357, 358, 359, 361, 362, 363, 364, 365, 366, 368, 370, 372, 373, 374, 376, 377, 378, 380, 381, 382, 383, 385, 387, 389, 391, 392, 393, 394, 395, 398, 399, 400, 401, 402, 403, 404, 407, 409, 410, 411, 414, 415, 418, 420, 421, 422, 423, 432, 433, 435, 437, 438, 439, 440, 441, 442, 443, 444, 446, 455, 457, 458, 460, 462, 464, 468, 469, 471, 472, 473, 474, 475, 478, 479, 481, 483, 484, 485, 487, 488, 489, 490, 491, 497, 498, 499, 500, 501, 507, 508, 509, 510, 521, 523, 525, 527, 528, 534, 535, 536, 538, 539, 540, 543, 544, 547, 548, 549, 552, 553, 555, 556, 559, 564, 565, 566, 568, 569, 571, 572, 582, 583, 584, 585, 586, 587, 588, 589, 590, 593, 594, 595, 597, 603, 604, 605, 607, 608, 609, 610, 611, 612, 613, 614, 615, 616, 617, 618, 619, 620, 622, 623, 624, 625, 626, 627, 628, 629, 631, 632, 633, 635, 636, 638, 639, 640, 641, 642, 643, 644, 645, 646, 647, 648, 649, 650, 651, 652, 653, 654, 655, 656, 657, 658, 659, 660, 661, 662, 663, 664, 666, 667, 668, 669, 670, 671, 672, 673, 674, 675, 676, 677, 678, 679, 680, 681, 682, 683, 684, 685, 686, 687, 688, 689, 690, 691, 692, 693, 694, 695, 697, 698, 699, 700, 701, 702, 703, 704, 705, 706, 707, 709, 711, 712, 713, 714, 715, 716, 717, 718, 719, 720, 721, 722, 724, 725, 726, 727, 728, 729, 730, 731, 732, 733, 734, 735, 736, 737, 738, 739, 741, 742, 743, 744, 745, 746, 747, 748, 749, 750, 751, 752, 753, 754, 756, 757, 758, 759, 760, 761, 762, 763, 767, 768, 769, 771, 772, 773, 774, 775, 776, 777, 779, 780, 781, 782, 784, 787, 788, 789, 791, 792, 793, 794, 797, 798, 799, 800, 801, 802, 803, 805, 806, 810, 813, 814, 816, 818, 820, 821, 822, 823, 824, 825, 826, 827, 828, 829, 830, 831, 832, 833, 834, 835, 836, 837, 838, 839, 840, 841, 842, 844, 846, 848, 849, 850, 852, 853, 854, 855, 856, 857, 858, 859, 861, 862, 864, 866, 868, 869, 870, 871, 874, 875, 878, 879, 880, 881, 883, 884, 886, 887, 888, 890, 891, 892, 893, 894, 895, 898, 900, 901, 902, 903, 904, 905, 906, 907, 909, 910, 911, 913, 914, 915, 916, 918, 919, 920, 921, 922, 923, 924, 925, 926, 929, 930, 931, 932, 933, 934, 935, 938, 939, 940, 941, 945, 946, 947, 948, 949, 950, 951, 952, 953, 955, 956, 957, 958, 959, 962, 964, 965, 966, 967, 969, 971, 973, 975, 976, 977, 978, 982, 983, 984, 986, 989, 990, 991, 993, 995, 998, 999, 1001, 1002, 1003, 1005, 1006, 1007, 1010, 1011, 1013, 1014, 1015, 1018, 1020, 1022, 1023, 1024, 1025, 1026, 1027, 1028, 1029, 1030, 1033, 1035, 1036, 1039, 1040, 1041, 1042, 1044, 1045, 1046, 1047, 1048, 1049, 1050, 1052, 1053, 1054, 1055, 1056, 1057, 1058, 1059, 1060, 1061, 1063, 1066, 1067, 1068, 1069, 1070, 1071, 1072, 1073, 1074, 1075, 1076, 1077, 1078, 1079, 1080, 1081, 1082, 1083, 1084, 1085, 1086, 1088, 1089, 1090, 1093, 1095, 1096, 1097, 1098, 1099, 1100, 1102, 1103, 1104, 1110, 1112, 1113, 1114, 1116, 1118, 1119, 1126, 1127, 1128, 1129, 1130, 1133, 1134, 1136, 1137, 1139, 1140, 1142, 1144, 1146, 1147, 1148, 1150, 1151, 1152, 1158, 1159, 1162, 1183, 1184, 1193, 1194, 1197, 1198, 1201, 1216, 1217, 1220, 1224, 1226, 1234, 1238, 1240, 1246, 1250, 1251, 1252, 1255, 1256, 1257, 1258, 1272}, {0, 2, 7, 9, 12, 14, 17, 18, 19, 23, 27, 29, 30, 31, 33, 34, 37, 40, 41, 42, 43, 44, 45, 51, 57, 59, 62, 63, 68, 70, 71, 74, 75, 77, 78, 81, 82, 84, 85, 86, 89, 90, 91, 93, 94, 95, 96, 105, 107, 108, 110, 111, 112, 113, 116, 118, 119, 120, 121, 129, 130, 138, 140, 142, 143, 147, 149, 150, 151, 153, 154, 155, 157, 162, 163, 164, 165, 166, 167, 169, 172, 173, 174, 175, 176, 179, 180, 183, 184, 185, 187, 188, 189, 190, 191, 192, 193, 194, 196, 202, 203, 204, 207, 208, 210, 218, 220, 222, 223, 227, 229, 232, 233, 234, 236, 238, 239, 240, 241, 242, 243, 245, 246, 247, 248, 249, 250, 251, 252, 253, 254, 255, 257, 259, 260, 261, 262, 263, 264, 265, 266, 271, 272, 273, 274, 277, 278, 279, 280, 284, 285, 287, 288, 289, 291, 292, 293, 294, 295, 297, 298, 300, 304, 307, 308, 309, 310, 316, 317, 318, 319, 326, 329, 330, 331, 332, 333, 336, 348, 353, 354, 355, 357, 358, 359, 361, 362, 363, 365, 366, 368, 370, 372, 373, 374, 376, 380, 381, 382, 383, 385, 387, 389, 391, 392, 394, 398, 400, 401, 403, 404, 407, 409, 410, 411, 414, 422, 433, 435, 437, 438, 439, 441, 443, 444, 455, 457, 460, 462, 464, 468, 469, 472, 474, 475, 478, 479, 483, 485, 487, 488, 489, 490, 497, 498, 499, 501, 507, 509, 510, 521, 523, 525, 527, 528, 534, 535, 536, 539, 540, 544, 547, 548, 549, 552, 553, 555, 559, 564, 565, 566, 568, 569, 571, 572, 583, 584, 585, 586, 587, 590, 593, 594, 595, 603, 604, 605, 607, 609, 610, 611, 612, 613, 614, 615, 616, 617, 618, 623, 624, 625, 627, 628, 629, 631, 632, 635, 638, 639, 641, 642, 643, 644, 646, 647, 648, 649, 650, 653, 654, 655, 656, 657, 659, 660, 661, 662, 663, 666, 667, 668, 669, 670, 671, 672, 673, 674, 675, 676, 677, 678, 681, 682, 683, 684, 685, 686, 687, 688, 689, 690, 691, 692, 693, 694, 695, 697, 698, 699, 700, 701, 702, 703, 704, 705, 706, 707, 709, 713, 715, 716, 717, 718, 719, 720, 721, 722, 724, 725, 726, 727, 729, 730, 731, 732, 733, 734, 735, 736, 737, 738, 739, 741, 742, 743, 744, 745, 746, 747, 748, 749, 750, 751, 752, 753, 756, 757, 758, 760, 761, 762, 763, 767, 768, 769, 771, 772, 773, 775, 777, 779, 780, 782, 784, 787, 788, 789, 791, 792, 793, 794, 797, 798, 799, 801, 802, 803, 805, 810, 813, 818, 820, 822, 824, 825, 826, 827, 828, 829, 830, 831, 832, 833, 834, 835, 836, 837, 838, 840, 846, 848, 849, 850, 853, 854, 857, 858, 861, 864, 866, 868, 870, 875, 879, 880, 881, 883, 884, 886, 888, 890, 891, 892, 894, 900, 903, 904, 906, 909, 910, 911, 913, 914, 918, 919, 920, 922, 923, 925, 926, 929, 930, 931, 932, 933, 934, 935, 938, 939, 946, 947, 948, 951, 952, 953, 956, 957, 958, 962, 964, 973, 975, 978, 982, 983, 989, 990, 991, 993, 1001, 1002, 1005, 1010, 1011, 1014, 1020, 1023, 1026, 1027, 1028, 1029, 1033, 1035, 1036, 1041, 1042, 1046, 1049, 1052, 1053, 1055, 1057, 1059, 1060, 1067, 1068, 1069, 1070, 1072, 1073, 1075, 1076, 1079, 1080, 1081, 1082, 1083, 1084, 1086, 1088, 1089, 1090, 1093, 1095, 1097, 1098, 1100, 1102, 1103, 1104, 1110, 1112, 1113, 1118, 1119, 1126, 1129, 1130, 1133, 1134, 1136, 1137, 1139, 1144, 1146, 1150, 1151, 1152, 1158, 1159, 1183, 1184, 1194, 1198, 1201, 1216, 1217, 1220, 1224, 1226, 1234, 1238, 1240, 1246, 1250, 1251, 1252, 1255, 1256, 1257, 1258, 1272}, {0, 523, 12, 14, 528, 1041, 1042, 19, 534, 1046, 536, 27, 29, 30, 547, 548, 559, 1076, 566, 59, 1083, 1084, 1090, 74, 1100, 77, 590, 1102, 1103, 81, 82, 1104, 85, 86, 1112, 94, 96, 615, 616, 105, 107, 108, 1137, 116, 1150, 1152, 129, 641, 1158, 138, 657, 162, 675, 1194, 684, 686, 180, 693, 701, 702, 1217, 194, 196, 204, 716, 208, 720, 1238, 733, 1250, 1252, 1257, 747, 748, 767, 768, 263, 264, 265, 780, 272, 279, 291, 293, 295, 298, 300, 820, 824, 832, 835, 836, 326, 330, 332, 333, 336, 864, 353, 354, 355, 358, 359, 361, 362, 363, 368, 880, 370, 888, 380, 381, 389, 903, 392, 398, 914, 403, 407, 409, 410, 411, 422, 939, 435, 443, 444, 457, 460, 462, 464, 468, 983, 472, 474, 478, 479, 483, 485, 490, 497}, {768, 129, 389, 263, 392, 903, 523, 12, 14, 398, 1042, 534, 407, 536, 30, 291, 548, 298, 939, 180, 693, 566, 820, 59, 443, 194, 835, 1090, 326, 330, 332, 77, 333, 590, 208, 81, 336, 720, 468, 85, 1102, 1103, 472, 1104, 1238, 478, 479, 96, 1252, 485, 358, 359, 105, 361, 362, 108, 363, 490, 1257, 370, 116, 888, 767}, {768, 129, 389, 263, 392, 14, 398, 534, 536, 548, 180, 693, 59, 443, 194, 1090, 326, 330, 332, 77, 333, 590, 208, 720, 1238, 478, 358, 105, 362, 363, 1257, 370, 116, 767}, {129, 389, 263, 392, 14, 398, 534, 536, 59, 194, 1090, 326, 330, 332, 77, 590, 720, 478, 105, 362, 363, 1257, 370}, {194, 1090, 389, 326, 392, 105, 1257, 363, 332, 77, 720, 370, 534}, {194, 326, 77, 370, 534}], 1: [{0, 2, 7, 12, 13, 14, 15, 17, 18, 24, 25, 29, 31, 39, 40, 43, 44, 45, 51, 52, 57, 58, 59, 60, 62, 64, 73, 75, 77, 80, 81, 82, 86, 90, 93, 96, 97, 104, 118, 120, 121, 122, 129, 134, 138, 141, 154, 156, 159, 164, 165, 166, 172, 173, 174, 175, 176, 177, 179, 180, 181, 183, 185, 187, 190, 191, 192, 193, 194, 196, 202, 203, 207, 208, 209, 216, 217, 218, 219, 220, 222, 227, 233, 235, 239, 241, 242, 243, 244, 248, 250, 252, 253, 254, 257, 259, 260, 261, 264, 265, 266, 273, 274, 277, 278, 282, 284, 289, 291, 293, 298, 306, 308, 317, 319, 326, 333, 336, 337, 341, 345, 347, 351, 353, 355, 356, 357, 359, 360, 367, 370, 373, 376, 380, 382, 384, 385, 387, 389, 390, 392, 395, 398, 401, 403, 408, 410, 411, 412, 415, 425, 428, 435, 437, 438, 443, 444, 447, 450, 456, 461, 462, 465, 466, 472, 474, 475, 478, 481, 482, 487, 488, 490, 492, 494, 499, 502, 503, 505, 506, 507, 509, 510, 521, 523, 527, 528, 529, 536, 539, 540, 552, 557, 565, 567, 569, 570, 571, 572, 573, 578, 579, 582, 583, 584, 587, 588, 590, 593, 594, 601, 602, 603, 606, 607, 608, 609, 610, 613, 617, 618, 621, 624, 627, 628, 629, 630, 632, 633, 634, 635, 637, 639, 641, 642, 643, 644, 645, 646, 650, 654, 658, 659, 660, 662, 665, 666, 667, 668, 669, 670, 673, 674, 677, 681, 682, 683, 684, 685, 689, 693, 697, 699, 704, 707, 709, 710, 713, 714, 715, 716, 719, 720, 721, 723, 727, 729, 730, 732, 734, 735, 738, 739, 740, 742, 743, 744, 748, 749, 751, 753, 755, 760, 762, 763, 768, 769, 771, 772, 773, 777, 778, 780, 784, 786, 787, 788, 789, 790, 791, 792, 794, 798, 799, 801, 802, 803, 804, 805, 806, 807, 808, 811, 815, 817, 821, 822, 823, 824, 826, 827, 828, 829, 830, 831, 835, 836, 837, 838, 840, 843, 845, 846, 847, 853, 854, 856, 857, 858, 860, 861, 862, 865, 867, 868, 870, 872, 873, 874, 876, 877, 878, 879, 881, 882, 883, 884, 885, 890, 891, 892, 893, 894, 895, 896, 897, 899, 902, 903, 906, 908, 909, 911, 912, 913, 916, 919, 920, 923, 925, 926, 928, 929, 932, 934, 936, 937, 938, 939, 941, 942, 944, 946, 950, 951, 953, 954, 955, 958, 961, 963, 964, 967, 969, 970, 972, 973, 974, 975, 978, 981, 982, 984, 985, 988, 990, 993, 994, 996, 997, 1002, 1005, 1009, 1010, 1013, 1015, 1017, 1021, 1022, 1023, 1027, 1028, 1030, 1032, 1034, 1035, 1036, 1037, 1039, 1041, 1043, 1046, 1047, 1049, 1050, 1052, 1054, 1056, 1057, 1058, 1059, 1060, 1061, 1062, 1063, 1064, 1067, 1068, 1069, 1070, 1071, 1073, 1074, 1075, 1077, 1078, 1079, 1080, 1081, 1082, 1085, 1086, 1087, 1088, 1090, 1091, 1096, 1097, 1099, 1104, 1107, 1110, 1112, 1113, 1114, 1118, 1119, 1127, 1128, 1129, 1130, 1132, 1137, 1138, 1139, 1146, 1148, 1152, 1156, 1158, 1159, 1180, 1181, 1183, 1197, 1200, 1202, 1205, 1207, 1212, 1213, 1217, 1218, 1219, 1221, 1224, 1226, 1228, 1231, 1232, 1234, 1238, 1239, 1248, 1250, 1254, 1255, 1257, 1262, 1263, 1264, 1271}, {0, 384, 641, 1027, 260, 1159, 777, 141, 527, 273, 1041, 916, 789, 408, 1050, 156, 925, 1054, 1056, 1058, 806, 298, 1197, 52, 821, 950, 57, 59, 572, 699, 955, 1217, 326, 710, 456, 1224, 714, 716, 973, 462, 336, 81, 82, 465, 856, 347, 93, 478, 608, 481, 1248, 1250, 376, 748, 1132, 751, 1264, 881, 1137, 243, 244, 502, 503, 120, 121, 1271, 380, 509, 895}, {481, 326, 806, 456, 748, 141, 1132, 82, 347, 502, 1271, 408, 57, 59}, {481, 326, 748, 1132, 502, 59}, {59, 1132}, {59, 1132}], 2: [{0, 1, 2, 3, 9, 14, 17, 19, 27, 30, 37, 42, 44, 45, 59, 77, 81, 82, 84, 86, 89, 91, 94, 96, 105, 107, 108, 111, 116, 120, 153, 154, 162, 165, 169, 172, 173, 175, 178, 179, 183, 184, 185, 186, 189, 190, 191, 193, 194, 196, 202, 203, 204, 207, 210, 223, 238, 239, 241, 244, 245, 247, 248, 249, 250, 252, 253, 262, 263, 264, 265, 266, 272, 277, 278, 285, 287, 288, 289, 291, 292, 293, 295, 298, 308, 310, 319, 325, 326, 330, 331, 332, 333, 352, 354, 355, 358, 359, 361, 362, 363, 365, 366, 370, 372, 374, 380, 381, 389, 391, 392, 398, 401, 403, 410, 411, 414, 418, 420, 421, 422, 423, 435, 437, 439, 440, 443, 444, 462, 464, 468, 469, 472, 475, 478, 479, 484, 488, 490, 497, 499, 507, 527, 528, 534, 535, 536, 548, 549, 559, 564, 569, 583, 584, 585, 587, 590, 593, 594, 595, 603, 607, 608, 611, 613, 614, 616, 628, 632, 638, 641, 649, 659, 660, 661, 662, 666, 668, 672, 673, 675, 677, 683, 685, 686, 689, 692, 693, 694, 695, 700, 701, 702, 703, 705, 706, 713, 719, 720, 721, 727, 729, 730, 732, 733, 734, 735, 736, 738, 741, 746, 748, 756, 760, 762, 763, 767, 768, 779, 789, 791, 794, 818, 820, 823, 826, 828, 832, 836, 837, 838, 839, 840, 848, 850, 875, 883, 888, 892, 900, 907, 909, 911, 914, 919, 924, 925, 926, 931, 932, 935, 939, 946, 948, 955, 956, 958, 969, 975, 977, 990, 991, 1001, 1005, 1013, 1014, 1020, 1023, 1025, 1026, 1028, 1036, 1041, 1042, 1050, 1053, 1058, 1059, 1067, 1068, 1069, 1071, 1072, 1073, 1074, 1075, 1078, 1081, 1082, 1083, 1084, 1085, 1089, 1090, 1093, 1099, 1100, 1102, 1103, 1104, 1112, 1113, 1119, 1128, 1129, 1133, 1136, 1137, 1140, 1142, 1146, 1150, 1152, 1158, 1159, 1183, 1198, 1216, 1217, 1238, 1240, 1250, 1251, 1257}, {0, 1, 1025, 3, 9, 14, 527, 17, 1041, 19, 534, 536, 1050, 1058, 548, 549, 42, 44, 559, 59, 1083, 1084, 1085, 1090, 583, 584, 585, 587, 1099, 77, 590, 1102, 1103, 81, 82, 595, 1104, 86, 1112, 89, 1113, 94, 607, 96, 608, 1119, 105, 1133, 1136, 1137, 632, 1146, 1150, 641, 1158, 660, 662, 153, 154, 672, 673, 162, 677, 173, 175, 689, 178, 179, 692, 693, 183, 186, 700, 702, 1217, 194, 196, 203, 204, 207, 720, 210, 1238, 730, 733, 734, 735, 738, 1250, 1257, 244, 756, 247, 249, 762, 767, 768, 262, 265, 266, 779, 277, 789, 794, 285, 291, 292, 298, 818, 308, 310, 325, 326, 330, 332, 333, 354, 355, 358, 361, 363, 365, 366, 370, 883, 888, 381, 389, 391, 398, 403, 410, 924, 414, 926, 931, 420, 421, 932, 423, 939, 435, 948, 443, 444, 956, 958, 975, 464, 977, 468, 469, 475, 478, 479, 991, 484, 488, 490, 497, 499, 1014, 1020, 1023}, {0, 1, 14, 19, 534, 536, 1050, 548, 44, 59, 1084, 1085, 1090, 585, 1099, 587, 77, 81, 82, 595, 1113, 607, 608, 1119, 105, 1133, 1136, 154, 672, 1217, 194, 204, 207, 1238, 735, 1257, 247, 767, 768, 265, 277, 789, 794, 291, 298, 308, 310, 325, 326, 330, 332, 333, 361, 365, 366, 883, 381, 389, 398, 414, 420, 421, 932, 443, 444, 956, 975, 977, 468, 475, 478, 479, 484, 488, 490, 499, 1014, 1020, 1023}, {0, 1, 389, 265, 398, 19, 277, 536, 794, 1050, 291, 420, 421, 548, 932, 298, 44, 59, 444, 1084, 1090, 326, 330, 587, 204, 332, 333, 207, 1099, 81, 82, 977, 468, 1113, 607, 735, 484, 105, 490, 1257, 1133, 366, 1136, 1020, 381}, {0, 398, 19, 277, 536, 291, 548, 1084, 1090, 326, 330, 332, 207, 81, 82, 977, 468, 735, 484, 1257, 1133, 381}, {0, 1090, 484, 548, 326, 330, 207, 81, 82, 19, 468, 1084, 381, 735}, {484, 548, 326, 330, 207, 81, 82, 468, 1084, 735}, {326, 82, 468, 1084, 735}], 3: [{0, 1, 2, 3, 4, 6, 9, 10, 11, 12, 14, 16, 20, 22, 23, 24, 27, 30, 31, 32, 33, 34, 35, 37, 38, 40, 41, 42, 43, 44, 45, 55, 57, 58, 59, 60, 62, 64, 66, 68, 70, 71, 74, 75, 77, 78, 80, 81, 82, 84, 86, 89, 90, 91, 93, 94, 95, 96, 97, 105, 107, 108, 109, 114, 115, 116, 119, 120, 124, 128, 130, 135, 136, 139, 141, 146, 149, 150, 151, 153, 155, 156, 162, 163, 164, 165, 166, 167, 170, 171, 173, 174, 175, 176, 177, 178, 180, 182, 184, 187, 188, 189, 192, 193, 194, 199, 203, 204, 207, 208, 209, 211, 216, 217, 222, 223, 227, 232, 233, 234, 238, 240, 241, 243, 244, 245, 246, 247, 248, 249, 250, 251, 254, 255, 257, 258, 260, 262, 264, 265, 266, 267, 270, 271, 273, 274, 275, 278, 279, 281, 282, 283, 284, 285, 286, 287, 288, 289, 291, 292, 293, 294, 295, 296, 297, 298, 300, 302, 303, 304, 307, 309, 310, 314, 316, 318, 319, 320, 325, 326, 331, 333, 336, 337, 342, 347, 348, 349, 352, 353, 354, 355, 357, 358, 361, 362, 363, 364, 365, 366, 368, 369, 370, 372, 374, 376, 378, 380, 384, 385, 387, 389, 390, 391, 392, 393, 394, 395, 398, 400, 401, 402, 403, 404, 406, 408, 409, 410, 411, 414, 416, 419, 422, 423, 424, 426, 429, 430, 431, 433, 434, 437, 438, 439, 440, 441, 442, 443, 444, 447, 451, 456, 458, 461, 462, 465, 467, 468, 469, 470, 472, 474, 478, 479, 481, 485, 487, 490, 492, 497, 498, 499, 502, 503, 506, 507, 509, 511, 519, 521, 522, 527, 528, 529, 533, 534, 535, 541, 542, 544, 548, 549, 550, 552, 553, 554, 556, 559, 563, 565, 566, 569, 571, 573, 574, 577, 578, 583, 584, 585, 586, 587, 588, 589, 590, 593, 595, 597, 599, 601, 603, 604, 605, 606, 607, 608, 613, 614, 617, 619, 625, 626, 627, 629, 631, 632, 633, 637, 638, 640, 641, 643, 644, 646, 647, 648, 649, 650, 651, 652, 653, 654, 655, 656, 659, 660, 661, 663, 664, 665, 666, 667, 668, 671, 672, 675, 676, 678, 679, 680, 681, 684, 685, 686, 687, 688, 689, 690, 691, 692, 693, 694, 695, 696, 697, 698, 699, 700, 701, 702, 703, 704, 705, 706, 707, 711, 712, 714, 716, 717, 718, 719, 720, 721, 722, 724, 725, 726, 728, 731, 732, 733, 734, 735, 736, 737, 738, 739, 740, 741, 742, 743, 744, 745, 746, 747, 748, 749, 750, 754, 755, 756, 757, 758, 759, 760, 761, 762, 764, 766, 767, 768, 769, 771, 772, 773, 775, 777, 778, 780, 781, 782, 783, 785, 787, 788, 791, 793, 794, 795, 796, 797, 798, 799, 800, 803, 804, 806, 808, 809, 810, 811, 812, 813, 816, 818, 819, 820, 823, 824, 825, 827, 828, 829, 831, 832, 833, 834, 835, 839, 840, 841, 842, 844, 846, 848, 849, 850, 851, 852, 856, 858, 859, 862, 863, 864, 865, 866, 868, 869, 871, 873, 874, 875, 876, 877, 878, 879, 881, 883, 886, 887, 888, 889, 892, 893, 894, 898, 899, 900, 902, 904, 905, 906, 907, 909, 910, 911, 913, 914, 917, 919, 921, 923, 924, 925, 926, 927, 930, 931, 933, 934, 935, 938, 939, 941, 944, 945, 946, 947, 948, 949, 950, 951, 952, 953, 956, 957, 958, 959, 960, 962, 965, 966, 967, 968, 969, 971, 972, 973, 975, 976, 977, 978, 979, 980, 982, 984, 985, 986, 987, 988, 989, 990, 992, 994, 995, 996, 999, 1000, 1001, 1003, 1005, 1007, 1008, 1010, 1012, 1013, 1014, 1015, 1016, 1018, 1019, 1024, 1025, 1026, 1027, 1028, 1029, 1030, 1033, 1035, 1037, 1038, 1039, 1040, 1042, 1043, 1046, 1049, 1050, 1052, 1053, 1054, 1055, 1056, 1057, 1058, 1059, 1060, 1061, 1062, 1067, 1068, 1071, 1072, 1073, 1074, 1076, 1077, 1078, 1080, 1083, 1084, 1085, 1086, 1088, 1089, 1090, 1092, 1093, 1094, 1096, 1098, 1099, 1102, 1103, 1104, 1110, 1112, 1113, 1114, 1118, 1119, 1120, 1124, 1126, 1127, 1128, 1129, 1130, 1131, 1132, 1136, 1138, 1141, 1142, 1144, 1146, 1147, 1150, 1151, 1152, 1154, 1156, 1158, 1159, 1160, 1161, 1177, 1178, 1179, 1180, 1182, 1184, 1188, 1198, 1200, 1201, 1208, 1209, 1212, 1213, 1216, 1217, 1218, 1219, 1220, 1221, 1222, 1223, 1224, 1225, 1228, 1231, 1234, 1238, 1242, 1246, 1248, 1250, 1251, 1252, 1254, 1255, 1256, 1257, 1258, 1259, 1260, 1261, 1262, 1263, 1264, 1271, 1272}, {6, 16, 20, 23, 30, 32, 34, 37, 38, 44, 57, 59, 60, 66, 68, 70, 71, 77, 78, 81, 82, 89, 90, 91, 105, 107, 114, 116, 119, 130, 141, 149, 150, 151, 156, 164, 165, 167, 170, 178, 180, 188, 189, 192, 193, 194, 199, 204, 207, 208, 211, 216, 217, 223, 227, 232, 238, 240, 244, 245, 247, 249, 254, 255, 257, 258, 262, 265, 267, 275, 278, 279, 281, 284, 286, 288, 291, 295, 296, 297, 298, 300, 302, 303, 309, 316, 320, 325, 326, 333, 348, 349, 354, 355, 361, 362, 365, 366, 370, 378, 380, 387, 389, 390, 392, 395, 401, 403, 406, 408, 410, 411, 422, 423, 426, 430, 438, 439, 440, 443, 444, 456, 458, 465, 469, 470, 474, 478, 479, 485, 490, 492, 497, 498, 503, 521, 522, 533, 534, 544, 549, 553, 554, 563, 574, 583, 585, 586, 590, 597, 599, 601, 603, 604, 617, 625, 631, 640, 647, 648, 649, 653, 655, 656, 660, 661, 664, 665, 666, 668, 672, 675, 676, 680, 686, 687, 688, 692, 696, 699, 700, 701, 702, 703, 704, 705, 706, 711, 714, 716, 718, 722, 724, 725, 726, 731, 733, 737, 739, 740, 741, 746, 749, 750, 754, 755, 757, 758, 761, 762, 764, 766, 767, 768, 773, 775, 778, 780, 781, 783, 785, 787, 795, 797, 803, 804, 809, 810, 812, 816, 818, 823, 825, 829, 834, 840, 841, 842, 844, 846, 849, 850, 851, 858, 859, 862, 863, 868, 869, 871, 874, 875, 878, 879, 881, 883, 892, 893, 894, 899, 900, 902, 904, 913, 914, 917, 919, 921, 924, 931, 935, 938, 941, 946, 947, 949, 950, 951, 952, 960, 967, 969, 971, 976, 977, 978, 982, 984, 986, 987, 992, 1000, 1001, 1007, 1008, 1013, 1014, 1015, 1016, 1019, 1024, 1026, 1027, 1028, 1029, 1030, 1037, 1039, 1040, 1042, 1049, 1050, 1052, 1055, 1056, 1058, 1059, 1060, 1061, 1062, 1068, 1071, 1072, 1074, 1077, 1078, 1084, 1085, 1086, 1089, 1092, 1093, 1094, 1096, 1099, 1103, 1112, 1114, 1119, 1124, 1127, 1128, 1132, 1136, 1141, 1142, 1147, 1150, 1151, 1152, 1156, 1158, 1161, 1177, 1179, 1180, 1182, 1184, 1198, 1201, 1209, 1212, 1216, 1218, 1219, 1221, 1223, 1224, 1225, 1228, 1231, 1234, 1246, 1250, 1251, 1252, 1254, 1256, 1257, 1259, 1260, 1264, 1272}, {387, 389, 6, 1029, 892, 141, 656, 279, 408, 281, 410, 795, 1180, 291, 804, 295, 935, 298, 554, 941, 686, 1072, 563, 180, 692, 438, 823, 440, 59, 443, 702, 960, 193, 705, 834, 68, 1218, 456, 718, 207, 208, 465, 597, 216, 217, 90, 474, 1114, 478, 863, 1127, 1000, 361, 746, 107, 1001, 1132, 238, 878, 1007, 1257, 114, 249, 380}, {387, 389, 141, 410, 1180, 298, 563, 823, 440, 443, 705, 456, 465, 217, 361, 1257, 107, 1132, 114}], 4: [{0, 768, 643, 771, 395, 523, 398, 527, 528, 274, 403, 1046, 407, 1050, 668, 925, 159, 31, 415, 799, 291, 420, 547, 1183, 939, 44, 435, 52, 59, 443, 317, 571, 194, 196, 203, 587, 77, 333, 207, 208, 462, 716, 721, 1234, 856, 1113, 1114, 478, 607, 97, 481, 355, 1250, 357, 488, 1257, 370, 1015, 1146, 381, 895}, {0, 97, 357, 1146, 1257, 395, 77, 462, 435, 407, 571, 1114, 59, 381, 895}], 5: [], 6: [{389, 266, 398, 782, 273, 1041, 403, 534, 662, 285, 677, 295, 423, 553, 42, 298, 681, 186, 958, 193, 194, 1090, 325, 326, 584, 329, 330, 332, 77, 333, 590, 720, 81, 846, 977, 468, 983, 730, 604, 733, 991, 353, 358, 742, 488, 1257, 368, 370, 499}, {1090, 325, 326, 295, 358, 681, 330, 1257, 77, 398, 720, 273, 1041, 468, 285}, {330, 468, 1090, 326}], 7: [{1, 2, 3, 4, 6, 7, 9, 10, 11, 13, 14, 15, 16, 17, 18, 19, 20, 23, 24, 26, 27, 29, 30, 31, 32, 34, 35, 37, 40, 44, 45, 47, 51, 57, 59, 60, 61, 65, 66, 67, 69, 71, 73, 74, 75, 78, 79, 82, 84, 85, 86, 88, 89, 91, 93, 94, 95, 97, 104, 105, 107, 108, 109, 110, 111, 112, 113, 115, 118, 119, 121, 123, 124, 128, 131, 133, 134, 138, 141, 143, 149, 150, 153, 154, 155, 166, 171, 173, 177, 179, 180, 181, 183, 184, 185, 186, 188, 189, 191, 193, 196, 198, 200, 202, 203, 207, 208, 216, 217, 218, 219, 220, 222, 232, 233, 234, 238, 239, 240, 242, 245, 246, 252, 253, 255, 256, 257, 259, 261, 262, 268, 270, 272, 273, 274, 277, 280, 281, 282, 283, 284, 285, 287, 292, 293, 295, 297, 298, 302, 308, 312, 316, 318, 321, 322, 326, 330, 336, 339, 342, 344, 347, 348, 349, 350, 353, 359, 360, 361, 366, 367, 368, 369, 370, 371, 372, 373, 374, 376, 378, 380, 382, 383, 384, 387, 388, 389, 392, 395, 398, 399, 402, 404, 405, 408, 409, 410, 411, 412, 413, 416, 420, 422, 423, 425, 426, 427, 428, 429, 430, 431, 435, 437, 438, 439, 440, 441, 442, 446, 449, 450, 453, 455, 456, 458, 461, 462, 463, 464, 466, 468, 469, 471, 472, 474, 475, 478, 480, 481, 484, 485, 487, 489, 490, 492, 498, 499, 501, 503, 505, 506, 507, 510, 511, 521, 523, 525, 526, 528, 532, 533, 534, 536, 539, 540, 541, 543, 548, 549, 553, 554, 555, 556, 557, 561, 563, 566, 567, 571, 575, 577, 582, 583, 584, 585, 586, 587, 588, 589, 590, 594, 595, 597, 599, 601, 604, 605, 606, 608, 609, 610, 614, 618, 619, 621, 624, 625, 628, 631, 635, 639, 640, 642, 643, 644, 645, 647, 649, 651, 652, 653, 654, 655, 656, 658, 661, 662, 663, 665, 668, 669, 670, 671, 673, 674, 675, 676, 677, 679, 682, 683, 687, 689, 694, 695, 700, 703, 706, 709, 710, 711, 712, 715, 716, 717, 719, 720, 721, 722, 724, 725, 727, 728, 729, 731, 734, 737, 738, 740, 741, 744, 745, 748, 750, 752, 753, 754, 757, 758, 759, 760, 763, 764, 767, 769, 772, 775, 776, 777, 778, 784, 788, 789, 790, 791, 792, 797, 799, 800, 801, 802, 805, 806, 810, 813, 815, 817, 818, 819, 820, 821, 822, 824, 826, 829, 832, 833, 834, 836, 837, 838, 839, 841, 843, 844, 850, 851, 854, 855, 856, 857, 859, 861, 869, 870, 871, 872, 874, 875, 878, 880, 882, 884, 885, 886, 888, 889, 890, 891, 893, 895, 896, 897, 901, 902, 905, 907, 908, 909, 912, 913, 915, 916, 918, 919, 920, 922, 925, 929, 932, 933, 936, 939, 941, 942, 945, 947, 948, 949, 952, 954, 955, 961, 964, 965, 966, 967, 968, 969, 970, 971, 974, 979, 980, 981, 983, 991, 994, 995, 997, 1001, 1002, 1003, 1005, 1006, 1008, 1010, 1011, 1012, 1014, 1015, 1021, 1023, 1025, 1026, 1028, 1030, 1033, 1037, 1039, 1040, 1043, 1044, 1045, 1046, 1047, 1049, 1058, 1059, 1060, 1061, 1063, 1066, 1067, 1068, 1069, 1070, 1071, 1074, 1075, 1079, 1080, 1081, 1082, 1083, 1084, 1085, 1086, 1087, 1088, 1090, 1091, 1093, 1097, 1098, 1099, 1100, 1102, 1103, 1104, 1106, 1111, 1112, 1114, 1115, 1119, 1123, 1128, 1130, 1132, 1137, 1142, 1146, 1148, 1152, 1153, 1156, 1157, 1158, 1162, 1165, 1169, 1178, 1179, 1180, 1183, 1184, 1185, 1189, 1191, 1193, 1194, 1196, 1197, 1198, 1199, 1201, 1202, 1204, 1205, 1208, 1210, 1211, 1212, 1213, 1216, 1217, 1221, 1222, 1224, 1225, 1226, 1227, 1232, 1234, 1238, 1239, 1240, 1242, 1246, 1247, 1248, 1249, 1250, 1251, 1252, 1253, 1255, 1257, 1258, 1263, 1264, 1268, 1270}, {1, 2, 3, 1025, 1026, 1028, 1033, 10, 523, 525, 1037, 1039, 528, 1040, 18, 20, 1046, 1047, 27, 540, 29, 1023, 31, 543, 34, 548, 44, 556, 1068, 1069, 1070, 561, 1071, 563, 1075, 1079, 1080, 1082, 60, 1085, 1088, 65, 66, 67, 577, 1090, 582, 1091, 584, 73, 585, 587, 1093, 589, 590, 1098, 1102, 1103, 594, 595, 84, 1104, 86, 599, 1106, 89, 1111, 1112, 604, 1114, 606, 95, 1115, 97, 609, 614, 104, 1128, 1132, 109, 118, 1146, 1148, 1153, 131, 643, 645, 134, 1157, 138, 651, 1162, 1165, 654, 655, 661, 150, 662, 663, 665, 154, 155, 668, 669, 1179, 673, 674, 676, 679, 682, 683, 1197, 1198, 1199, 689, 1204, 181, 1205, 695, 1208, 186, 1211, 1212, 1213, 703, 1216, 1217, 706, 1221, 1224, 1225, 203, 715, 716, 717, 719, 208, 720, 1227, 1232, 1238, 727, 216, 217, 218, 728, 1239, 1242, 734, 1248, 737, 1251, 1252, 741, 1253, 1255, 232, 744, 234, 748, 239, 1263, 753, 1264, 757, 246, 758, 1270, 256, 769, 772, 261, 262, 775, 777, 268, 272, 273, 274, 784, 789, 791, 282, 285, 287, 802, 292, 293, 805, 298, 813, 302, 815, 819, 821, 824, 826, 316, 829, 833, 836, 837, 326, 839, 841, 330, 844, 336, 339, 855, 857, 350, 869, 870, 366, 880, 369, 370, 371, 372, 373, 374, 882, 885, 886, 888, 889, 383, 384, 896, 897, 389, 901, 905, 395, 907, 908, 398, 912, 913, 402, 915, 404, 405, 918, 920, 409, 410, 922, 413, 416, 929, 932, 936, 425, 426, 939, 428, 942, 945, 435, 439, 952, 442, 954, 955, 449, 450, 961, 453, 966, 455, 456, 967, 968, 969, 971, 463, 979, 468, 980, 471, 472, 474, 475, 991, 481, 995, 485, 1002, 1003, 1006, 1010, 1011, 1012, 501, 505, 506, 510, 511}], 8: [{0, 1028, 522, 11, 13, 528, 529, 1040, 533, 23, 1047, 542, 1054, 32, 544, 34, 35, 548, 549, 38, 550, 1058, 553, 1063, 563, 57, 59, 60, 572, 1084, 64, 577, 66, 1090, 586, 590, 1102, 81, 82, 594, 599, 1112, 601, 90, 91, 1114, 93, 95, 96, 97, 609, 105, 1129, 1130, 1132, 114, 118, 121, 1147, 1149, 1156, 141, 658, 153, 666, 167, 1198, 180, 193, 194, 196, 1221, 1225, 203, 1228, 207, 208, 1234, 216, 217, 1246, 1252, 1254, 744, 1257, 747, 748, 1259, 238, 751, 1264, 781, 789, 281, 284, 285, 291, 293, 297, 298, 303, 304, 829, 325, 326, 336, 850, 342, 349, 354, 355, 368, 369, 888, 387, 899, 389, 393, 394, 395, 400, 925, 926, 429, 949, 438, 440, 443, 447, 965, 972, 462, 975, 465, 467, 468, 469, 472, 474, 989, 1001, 490, 1016}, {0, 387, 389, 393, 11, 395, 141, 781, 1040, 529, 658, 533, 1047, 281, 666, 285, 925, 926, 1054, 35, 291, 549, 550, 553, 298, 304, 180, 438, 440, 59, 572, 447, 64, 193, 66, 194, 196, 325, 326, 577, 1090, 1225, 1234, 462, 975, 336, 465, 82, 467, 468, 469, 850, 1102, 216, 472, 474, 1112, 989, 95, 96, 1252, 1254, 744, 1129, 1257, 747, 748, 1132, 1259, 751, 1264, 114, 118, 888, 1147, 1149}, {0, 387, 389, 393, 395, 1040, 533, 291, 550, 553, 298, 304, 438, 59, 64, 193, 66, 196, 325, 326, 465, 469, 216, 1112, 474, 1257, 748, 1132, 1264}, {291, 196, 325, 326, 389, 393, 298, 395, 1112, 1132, 1257, 1264, 465, 533, 216, 59}, {389, 326, 393, 298, 395, 1132, 1264, 1112, 59}], 9: [{0, 768, 770, 265, 394, 395, 523, 398, 528, 403, 407, 1056, 930, 291, 292, 295, 435, 57, 59, 1217, 194, 588, 77, 333, 207, 462, 81, 590, 1234, 1114, 478, 1119, 353, 357, 359, 1257, 490, 363, 623, 1146, 380}], 10: [], 11: [{1027, 1042, 532, 1044, 534, 35, 548, 564, 571, 1090, 1095, 583, 584, 73, 588, 1104, 81, 1106, 602, 605, 96, 104, 1132, 110, 112, 115, 118, 129, 138, 1179, 180, 694, 1207, 1212, 194, 713, 714, 715, 207, 208, 1242, 748, 1263, 758, 1271, 762, 796, 807, 298, 308, 310, 337, 850, 856, 351, 354, 358, 359, 890, 380, 387, 899, 389, 906, 395, 406, 412, 928, 932, 425, 948, 451, 972, 980, 988, 478, 481, 482, 490, 497, 1017}, {129, 387, 1027, 389, 534, 548, 298, 948, 571, 451, 583, 714, 337, 81, 850, 1106, 988, 351, 481, 490, 748, 762, 380}, {548, 389, 298, 748, 81, 534, 988}, {298, 548, 534}, {298, 548, 534}], 12: [{0, 1, 3, 4, 6, 7, 8, 9, 10, 11, 13, 14, 15, 16, 17, 18, 19, 20, 21, 23, 24, 25, 26, 27, 29, 30, 31, 32, 35, 37, 38, 39, 40, 43, 45, 46, 48, 51, 52, 54, 56, 57, 58, 61, 65, 66, 67, 68, 69, 70, 71, 75, 77, 80, 81, 82, 83, 85, 86, 88, 90, 91, 92, 93, 94, 96, 104, 105, 108, 110, 111, 112, 114, 115, 116, 118, 119, 121, 123, 124, 127, 130, 134, 138, 141, 143, 146, 149, 151, 152, 153, 155, 164, 165, 169, 170, 171, 174, 175, 176, 177, 178, 179, 180, 183, 184, 185, 186, 187, 188, 189, 191, 192, 193, 194, 196, 197, 198, 199, 200, 202, 203, 206, 207, 208, 209, 210, 212, 216, 217, 219, 220, 222, 224, 227, 233, 234, 237, 238, 240, 241, 242, 243, 244, 245, 246, 249, 250, 253, 254, 255, 258, 259, 260, 262, 263, 264, 265, 266, 267, 268, 269, 270, 273, 274, 275, 277, 278, 279, 280, 282, 284, 289, 291, 292, 293, 295, 298, 300, 303, 306, 308, 309, 310, 312, 315, 316, 318, 320, 321, 322, 325, 326, 327, 328, 330, 331, 332, 333, 334, 335, 336, 337, 338, 339, 341, 342, 344, 347, 350, 353, 354, 357, 358, 359, 360, 361, 362, 363, 365, 366, 367, 368, 370, 373, 375, 377, 378, 380, 382, 384, 385, 387, 388, 389, 390, 392, 393, 395, 398, 399, 400, 401, 403, 404, 405, 406, 408, 409, 410, 411, 412, 416, 420, 421, 423, 426, 427, 428, 429, 430, 431, 432, 434, 435, 437, 438, 440, 443, 445, 446, 447, 448, 450, 451, 452, 453, 455, 456, 459, 461, 462, 464, 465, 466, 469, 470, 471, 472, 474, 475, 477, 478, 479, 481, 482, 483, 484, 485, 487, 488, 489, 490, 492, 497, 498, 499, 500, 501, 502, 503, 504, 505, 506, 509, 510, 511, 512, 521, 522, 523, 525, 526, 527, 528, 529, 530, 532, 533, 534, 536, 538, 539, 541, 543, 544, 547, 548, 549, 552, 554, 555, 556, 557, 558, 563, 564, 565, 566, 567, 571, 574, 575, 577, 578, 579, 582, 584, 585, 586, 587, 588, 589, 590, 593, 595, 597, 599, 600, 601, 602, 603, 605, 607, 608, 610, 613, 617, 618, 619, 621, 622, 624, 625, 627, 628, 629, 631, 633, 635, 637, 639, 640, 641, 642, 643, 644, 645, 646, 647, 649, 650, 651, 652, 658, 660, 662, 663, 665, 666, 667, 669, 670, 672, 675, 677, 680, 681, 684, 685, 686, 687, 688, 690, 691, 692, 693, 694, 696, 699, 700, 701, 702, 707, 709, 710, 714, 716, 718, 721, 722, 724, 726, 729, 731, 732, 733, 734, 738, 739, 741, 742, 743, 746, 748, 749, 750, 752, 754, 759, 760, 761, 762, 763, 766, 767, 768, 773, 775, 776, 778, 780, 781, 783, 785, 787, 789, 790, 792, 794, 795, 796, 797, 798, 800, 801, 804, 806, 808, 810, 811, 812, 817, 818, 819, 820, 822, 823, 824, 825, 826, 828, 829, 831, 832, 833, 835, 838, 839, 840, 841, 843, 850, 854, 856, 858, 859, 861, 862, 865, 872, 873, 875, 877, 879, 880, 881, 883, 884, 888, 890, 891, 892, 894, 897, 899, 900, 902, 903, 904, 906, 909, 913, 914, 917, 919, 920, 921, 922, 924, 925, 926, 933, 934, 939, 946, 947, 948, 950, 951, 953, 955, 958, 960, 964, 965, 966, 967, 970, 974, 975, 977, 978, 979, 980, 981, 983, 985, 988, 989, 990, 992, 995, 996, 997, 1001, 1005, 1006, 1008, 1011, 1013, 1014, 1015, 1016, 1021, 1024, 1026, 1027, 1029, 1033, 1036, 1042, 1043, 1044, 1045, 1046, 1047, 1050, 1052, 1058, 1063, 1065, 1066, 1067, 1068, 1069, 1070, 1071, 1072, 1073, 1074, 1080, 1081, 1082, 1083, 1084, 1086, 1087, 1089, 1090, 1091, 1092, 1094, 1097, 1099, 1100, 1101, 1102, 1103, 1104, 1107, 1108, 1109, 1110, 1111, 1112, 1113, 1114, 1115, 1118, 1121, 1122, 1123, 1127, 1128, 1129, 1130, 1131, 1132, 1136, 1137, 1139, 1142, 1146, 1147, 1148, 1152, 1153, 1156, 1157, 1158, 1159, 1160, 1161, 1162, 1166, 1168, 1169, 1171, 1172, 1173, 1178, 1179, 1180, 1183, 1186, 1189, 1191, 1192, 1193, 1194, 1196, 1198, 1202, 1203, 1204, 1206, 1208, 1212, 1213, 1216, 1217, 1218, 1219, 1220, 1221, 1222, 1223, 1224, 1225, 1226, 1228, 1229, 1230, 1231, 1232, 1234, 1238, 1240, 1241, 1242, 1245, 1246, 1247, 1248, 1250, 1251, 1252, 1253, 1254, 1257, 1259, 1260, 1261, 1262, 1264, 1267, 1268, 1269, 1270, 1271, 1273}, {4, 6, 7, 9, 11, 14, 16, 19, 23, 24, 26, 27, 29, 30, 35, 38, 40, 43, 46, 48, 51, 52, 54, 56, 57, 66, 68, 70, 75, 77, 80, 81, 82, 85, 86, 88, 90, 93, 108, 114, 115, 116, 118, 119, 130, 134, 138, 141, 149, 152, 155, 164, 165, 174, 176, 178, 179, 184, 185, 188, 194, 196, 200, 203, 206, 207, 208, 212, 216, 217, 219, 222, 233, 237, 238, 240, 242, 250, 264, 267, 268, 269, 273, 274, 275, 279, 282, 284, 289, 291, 292, 298, 303, 306, 308, 309, 312, 318, 321, 326, 328, 330, 331, 332, 333, 334, 336, 337, 342, 347, 353, 354, 357, 360, 361, 365, 367, 368, 373, 375, 380, 384, 385, 387, 388, 389, 390, 392, 393, 395, 400, 408, 411, 412, 416, 420, 430, 435, 437, 438, 440, 443, 446, 447, 450, 455, 456, 461, 462, 464, 465, 469, 472, 475, 477, 478, 479, 481, 483, 485, 488, 489, 492, 497, 499, 502, 503, 504, 509, 510, 521, 526, 527, 528, 529, 532, 533, 534, 536, 538, 547, 548, 552, 554, 555, 556, 557, 558, 563, 577, 578, 579, 582, 585, 586, 587, 588, 593, 595, 599, 600, 601, 602, 603, 605, 607, 610, 617, 624, 629, 633, 642, 645, 649, 650, 658, 660, 662, 663, 672, 680, 681, 684, 686, 692, 694, 699, 702, 707, 710, 714, 716, 722, 729, 731, 732, 734, 738, 742, 743, 748, 750, 752, 754, 759, 760, 762, 766, 767, 778, 780, 781, 783, 787, 790, 792, 794, 795, 798, 800, 801, 806, 808, 810, 811, 812, 817, 820, 822, 823, 826, 831, 832, 839, 840, 843, 856, 858, 861, 865, 872, 873, 877, 879, 881, 883, 884, 890, 891, 892, 900, 902, 904, 909, 914, 924, 925, 926, 933, 934, 946, 948, 950, 951, 955, 958, 960, 965, 966, 970, 974, 975, 978, 981, 983, 985, 988, 989, 990, 992, 995, 996, 997, 1005, 1011, 1014, 1015, 1021, 1024, 1027, 1036, 1042, 1043, 1045, 1046, 1050, 1052, 1058, 1066, 1067, 1070, 1072, 1073, 1074, 1082, 1083, 1086, 1089, 1090, 1091, 1094, 1100, 1103, 1104, 1107, 1109, 1110, 1113, 1114, 1121, 1122, 1123, 1129, 1130, 1132, 1137, 1152, 1153, 1157, 1158, 1159, 1161, 1168, 1169, 1178, 1179, 1183, 1186, 1189, 1193, 1194, 1196, 1202, 1204, 1206, 1217, 1219, 1220, 1221, 1222, 1223, 1226, 1228, 1229, 1231, 1232, 1234, 1238, 1240, 1241, 1242, 1245, 1246, 1247, 1250, 1251, 1252, 1253, 1254, 1257, 1259, 1262, 1264, 1268, 1269, 1271}, {1027, 11, 14, 526, 529, 1043, 532, 534, 24, 536, 35, 554, 556, 558, 48, 54, 56, 57, 1083, 66, 579, 1091, 582, 587, 80, 81, 82, 85, 599, 1113, 602, 610, 1123, 1129, 1132, 119, 1152, 645, 138, 1179, 1189, 1196, 1202, 1204, 194, 1219, 1220, 1221, 1223, 200, 207, 208, 1232, 1234, 216, 1246, 1247, 1253, 748, 1264, 1271, 264, 783, 792, 284, 291, 292, 298, 817, 308, 326, 328, 331, 332, 334, 336, 347, 353, 354, 360, 361, 365, 380, 385, 387, 389, 904, 393, 395, 408, 412, 925, 430, 435, 440, 443, 960, 456, 461, 462, 464, 465, 469, 475, 988, 477, 479, 485, 489, 502, 503, 510}, {387, 1027, 389, 11, 395, 532, 534, 536, 1179, 1189, 298, 554, 556, 430, 48, 308, 440, 1083, 326, 582, 200, 328, 461, 80, 81, 82, 464, 465, 469, 216, 1113, 602, 347, 475, 988, 353, 354, 1123, 485, 360, 1132, 1264, 502, 503, 1271}, {11, 395, 534, 536, 1179, 298, 1083, 326, 464, 81, 465, 469, 216, 602, 347, 988, 353, 485, 1264, 503}, {353, 485, 1179, 464, 81, 1083, 988}, {1179, 485}, {1179, 485}], 13: [], 14: [], 15: [{1027, 1037, 14, 1038, 533, 534, 536, 25, 1049, 1050, 35, 548, 1059, 1061, 1063, 41, 45, 557, 1074, 1079, 57, 58, 570, 60, 1081, 1084, 1087, 586, 587, 588, 77, 589, 82, 1106, 597, 86, 90, 604, 94, 612, 1131, 119, 637, 1150, 130, 131, 1154, 1156, 1160, 155, 677, 171, 693, 694, 1210, 187, 189, 1217, 1218, 196, 198, 1224, 1228, 216, 1248, 1257, 234, 1260, 1264, 759, 1271, 763, 270, 785, 275, 280, 282, 794, 288, 805, 298, 309, 310, 311, 312, 827, 325, 326, 331, 850, 354, 361, 365, 382, 389, 906, 395, 398, 405, 409, 925, 932, 934, 425, 939, 433, 468, 981, 474, 475, 485, 1002, 495, 1013, 502, 503, 505, 1022}, {130, 312, 325, 326, 389, 1210, 361, 331, 398, 1264, 309, 405, 534, 216, 474, 382}, {325, 326, 398, 405, 216}], 16: [{384, 129, 1027, 6, 1159, 392, 913, 20, 532, 534, 536, 1178, 27, 291, 1059, 298, 1073, 437, 949, 1078, 57, 827, 955, 1090, 582, 584, 74, 333, 207, 82, 1106, 980, 1111, 1112, 1250, 1255, 1257, 1258, 748, 1132, 369, 116, 894}, {129, 584, 298, 207, 532, 980, 534}], 17: [{0, 1, 2, 3, 4, 5, 6, 7, 8, 9, 10, 11, 12, 13, 14, 15, 16, 17, 18, 20, 22, 24, 25, 26, 29, 31, 32, 34, 37, 38, 39, 43, 44, 45, 46, 47, 48, 49, 52, 54, 55, 56, 57, 58, 60, 61, 62, 63, 64, 65, 66, 69, 71, 72, 73, 74, 75, 77, 78, 79, 81, 82, 83, 84, 85, 89, 91, 92, 93, 94, 95, 96, 101, 102, 103, 104, 105, 107, 108, 109, 111, 112, 113, 114, 116, 117, 118, 120, 121, 123, 124, 125, 126, 127, 131, 132, 133, 135, 136, 137, 138, 139, 140, 141, 142, 143, 144, 145, 146, 147, 148, 149, 150, 151, 153, 154, 156, 158, 159, 161, 162, 163, 166, 167, 169, 170, 172, 173, 174, 175, 176, 177, 178, 179, 180, 181, 183, 184, 186, 187, 189, 190, 191, 192, 193, 194, 195, 196, 197, 198, 199, 200, 201, 202, 203, 207, 208, 209, 210, 211, 212, 213, 216, 217, 218, 219, 220, 221, 223, 226, 227, 228, 230, 231, 232, 234, 235, 237, 239, 240, 241, 244, 245, 246, 247, 248, 249, 251, 253, 254, 255, 256, 257, 258, 259, 260, 261, 265, 266, 267, 268, 269, 270, 271, 272, 273, 274, 276, 277, 278, 279, 280, 281, 284, 285, 288, 289, 291, 292, 293, 294, 295, 296, 297, 298, 300, 303, 304, 306, 307, 310, 312, 313, 314, 315, 317, 319, 320, 321, 322, 325, 326, 327, 328, 329, 330, 331, 332, 333, 334, 335, 336, 338, 339, 340, 341, 342, 343, 344, 345, 346, 347, 348, 349, 350, 351, 352, 353, 354, 356, 358, 359, 360, 361, 362, 364, 365, 366, 367, 368, 369, 370, 371, 372, 374, 376, 380, 381, 382, 383, 384, 385, 387, 389, 391, 392, 393, 394, 395, 396, 397, 398, 399, 400, 401, 402, 403, 404, 405, 406, 407, 408, 409, 410, 411, 412, 413, 414, 415, 416, 417, 419, 420, 421, 422, 423, 424, 425, 429, 430, 431, 432, 433, 434, 435, 436, 437, 438, 439, 440, 442, 443, 445, 446, 447, 449, 450, 451, 452, 453, 454, 455, 456, 457, 458, 459, 461, 462, 463, 464, 465, 466, 467, 468, 469, 470, 471, 472, 473, 475, 476, 477, 478, 479, 481, 482, 483, 484, 485, 486, 487, 489, 490, 491, 493, 494, 495, 497, 498, 499, 500, 501, 502, 503, 505, 506, 507, 508, 510, 512, 516, 517, 519, 521, 522, 523, 525, 526, 527, 529, 531, 532, 534, 536, 539, 540, 541, 542, 544, 546, 547, 548, 549, 550, 553, 554, 555, 556, 557, 558, 559, 560, 561, 562, 564, 565, 566, 567, 570, 571, 572, 573, 574, 575, 577, 578, 579, 583, 584, 585, 586, 587, 588, 589, 590, 591, 592, 593, 594, 595, 596, 597, 598, 600, 601, 602, 603, 604, 605, 606, 607, 608, 609, 611, 612, 613, 614, 617, 618, 619, 620, 621, 622, 625, 626, 627, 628, 630, 631, 633, 635, 637, 638, 639, 640, 641, 642, 644, 646, 647, 649, 650, 652, 654, 655, 657, 658, 659, 661, 662, 664, 665, 666, 667, 670, 672, 673, 674, 675, 676, 677, 679, 680, 682, 685, 687, 688, 689, 691, 693, 695, 696, 697, 700, 701, 703, 704, 705, 706, 709, 711, 712, 713, 715, 716, 717, 718, 719, 720, 721, 723, 724, 725, 726, 727, 728, 730, 733, 734, 735, 737, 739, 740, 742, 744, 746, 747, 748, 749, 751, 753, 757, 758, 761, 763, 765, 766, 768, 769, 771, 772, 776, 777, 784, 785, 786, 787, 788, 791, 794, 795, 796, 797, 798, 799, 802, 803, 804, 805, 807, 809, 813, 814, 816, 819, 822, 824, 825, 827, 828, 829, 830, 831, 833, 834, 835, 836, 837, 838, 841, 844, 848, 849, 850, 851, 852, 853, 854, 855, 857, 859, 860, 862, 864, 866, 867, 870, 871, 874, 875, 878, 879, 882, 883, 884, 885, 886, 887, 888, 889, 893, 894, 896, 898, 899, 900, 901, 903, 905, 906, 907, 908, 910, 911, 912, 913, 915, 918, 919, 920, 921, 922, 924, 925, 926, 927, 929, 930, 932, 933, 936, 937, 938, 939, 940, 941, 942, 944, 945, 946, 947, 950, 952, 953, 954, 956, 959, 960, 961, 963, 964, 967, 968, 969, 971, 972, 973, 974, 976, 977, 979, 980, 981, 982, 984, 985, 988, 991, 993, 994, 998, 999, 1000, 1001, 1002, 1003, 1007, 1009, 1010, 1012, 1013, 1014, 1015, 1016, 1017, 1019, 1022, 1023, 1025, 1027, 1028, 1029, 1030, 1033, 1035, 1037, 1038, 1039, 1040, 1043, 1044, 1048, 1049, 1050, 1051, 1054, 1055, 1056, 1057, 1058, 1059, 1060, 1061, 1062, 1063, 1064, 1065, 1067, 1068, 1069, 1071, 1072, 1074, 1075, 1076, 1077, 1078, 1080, 1081, 1082, 1083, 1084, 1085, 1087, 1088, 1090, 1091, 1092, 1093, 1095, 1097, 1098, 1099, 1101, 1102, 1104, 1105, 1106, 1110, 1111, 1113, 1114, 1115, 1116, 1117, 1118, 1119, 1120, 1121, 1122, 1123, 1124, 1125, 1126, 1127, 1128, 1129, 1130, 1131, 1132, 1133, 1134, 1135, 1136, 1137, 1139, 1140, 1141, 1146, 1147, 1148, 1150, 1152, 1154, 1156, 1157, 1158, 1159, 1160, 1163, 1164, 1165, 1167, 1171, 1174, 1175, 1177, 1179, 1180, 1181, 1182, 1183, 1184, 1185, 1187, 1188, 1189, 1191, 1192, 1193, 1195, 1197, 1198, 1199, 1200, 1201, 1202, 1203, 1204, 1205, 1206, 1207, 1208, 1209, 1210, 1211, 1212, 1213, 1216, 1217, 1218, 1219, 1220, 1221, 1222, 1223, 1224, 1225, 1226, 1227, 1228, 1230, 1231, 1232, 1233, 1234, 1235, 1237, 1238, 1239, 1240, 1241, 1242, 1244, 1246, 1247, 1248, 1249, 1250, 1251, 1252, 1253, 1254, 1255, 1256, 1257, 1258, 1259, 1260, 1261, 1262, 1264, 1265, 1267, 1269, 1270, 1271, 1272, 1273}, {0, 1, 2, 3, 5, 6, 8, 9, 10, 13, 15, 17, 20, 25, 29, 32, 37, 45, 48, 49, 54, 55, 56, 57, 58, 60, 63, 64, 65, 66, 69, 71, 73, 77, 78, 79, 81, 82, 83, 84, 85, 94, 95, 96, 102, 103, 104, 105, 107, 108, 109, 112, 126, 127, 135, 136, 138, 139, 140, 141, 150, 151, 153, 154, 156, 161, 163, 170, 174, 177, 180, 183, 187, 189, 192, 193, 196, 198, 199, 202, 203, 207, 208, 209, 210, 213, 216, 217, 219, 220, 221, 231, 232, 237, 244, 245, 251, 253, 255, 256, 257, 258, 261, 265, 266, 269, 272, 273, 276, 277, 284, 291, 292, 295, 296, 298, 303, 310, 312, 321, 322, 325, 326, 327, 328, 331, 332, 333, 336, 339, 341, 344, 345, 347, 348, 351, 352, 353, 354, 359, 360, 361, 362, 365, 370, 371, 372, 374, 380, 382, 384, 387, 389, 393, 394, 395, 396, 397, 398, 406, 407, 408, 409, 410, 411, 412, 413, 414, 415, 416, 419, 421, 422, 423, 429, 432, 434, 435, 436, 437, 438, 439, 440, 442, 446, 447, 451, 452, 455, 456, 459, 461, 463, 464, 465, 466, 467, 470, 471, 475, 478, 481, 482, 484, 485, 487, 490, 491, 494, 497, 498, 499, 500, 501, 502, 503, 506, 508, 510, 512, 517, 522, 523, 527, 529, 531, 532, 534, 540, 541, 544, 547, 548, 550, 553, 555, 556, 559, 561, 562, 566, 567, 571, 572, 574, 577, 578, 583, 584, 587, 588, 589, 590, 591, 595, 596, 597, 598, 601, 602, 606, 607, 613, 614, 626, 635, 640, 641, 644, 647, 649, 664, 667, 670, 672, 673, 674, 675, 676, 677, 679, 682, 687, 688, 689, 691, 696, 700, 703, 709, 712, 715, 717, 719, 720, 721, 723, 725, 728, 730, 733, 734, 735, 737, 746, 748, 751, 753, 757, 766, 771, 772, 776, 777, 785, 786, 795, 797, 798, 799, 803, 804, 805, 807, 809, 813, 814, 816, 819, 822, 825, 827, 828, 829, 833, 836, 837, 838, 848, 849, 850, 851, 852, 854, 855, 857, 860, 864, 867, 870, 875, 883, 884, 885, 888, 893, 898, 899, 900, 903, 905, 906, 910, 912, 913, 915, 918, 920, 921, 922, 927, 930, 933, 936, 939, 940, 941, 944, 946, 950, 952, 953, 954, 959, 960, 963, 964, 968, 971, 973, 976, 977, 979, 980, 981, 982, 984, 991, 993, 994, 998, 1007, 1010, 1013, 1016, 1025, 1027, 1028, 1029, 1033, 1035, 1037, 1038, 1040, 1043, 1044, 1049, 1050, 1051, 1054, 1055, 1056, 1057, 1058, 1059, 1062, 1063, 1064, 1067, 1069, 1071, 1072, 1075, 1076, 1078, 1080, 1081, 1082, 1083, 1084, 1088, 1090, 1091, 1092, 1093, 1097, 1101, 1102, 1106, 1110, 1114, 1115, 1117, 1118, 1120, 1121, 1124, 1126, 1127, 1129, 1130, 1131, 1132, 1133, 1135, 1136, 1139, 1140, 1141, 1146, 1147, 1148, 1152, 1154, 1157, 1158, 1159, 1160, 1163, 1165, 1167, 1179, 1180, 1181, 1184, 1185, 1187, 1189, 1191, 1192, 1195, 1198, 1199, 1201, 1202, 1203, 1205, 1206, 1207, 1208, 1209, 1210, 1211, 1212, 1213, 1216, 1217, 1218, 1219, 1221, 1222, 1223, 1225, 1227, 1228, 1230, 1231, 1232, 1233, 1234, 1235, 1238, 1239, 1241, 1242, 1244, 1246, 1247, 1248, 1249, 1250, 1251, 1252, 1253, 1254, 1255, 1256, 1257, 1259, 1260, 1261, 1264, 1265, 1267, 1270, 1271, 1273}, {0, 512, 1025, 3, 517, 522, 13, 1040, 1043, 20, 534, 1054, 548, 1063, 555, 559, 48, 1072, 566, 567, 56, 1080, 58, 571, 1081, 1082, 1083, 66, 578, 584, 587, 588, 1102, 81, 82, 596, 85, 601, 602, 1114, 1120, 104, 108, 1132, 1136, 1146, 1147, 1152, 1154, 1158, 647, 1160, 139, 141, 151, 153, 154, 1179, 1181, 1184, 1185, 1198, 180, 1205, 1207, 1209, 1211, 1213, 1216, 1217, 1218, 1219, 196, 198, 199, 1223, 1225, 1230, 207, 208, 209, 1231, 1232, 1234, 1239, 217, 1241, 219, 1246, 1247, 1248, 1251, 1257, 1260, 1265, 1270, 1273, 258, 276, 277, 291, 298, 322, 325, 328, 331, 332, 336, 339, 341, 344, 345, 347, 351, 353, 362, 365, 371, 382, 387, 395, 407, 408, 921, 410, 411, 415, 434, 954, 451, 452, 456, 971, 464, 979, 980, 981, 471, 478, 484, 490, 494, 497, 499, 502, 503}], 18: [], 19: [{0, 1024, 3, 1027, 1028, 521, 14, 16, 528, 534, 1049, 29, 31, 1057, 34, 1058, 548, 37, 1059, 1060, 1061, 41, 1062, 1067, 1068, 1071, 1072, 51, 565, 1078, 55, 57, 1082, 1083, 60, 1085, 1088, 1089, 70, 1096, 1098, 1099, 588, 78, 1106, 85, 1111, 1112, 601, 90, 603, 94, 1120, 1124, 616, 1129, 106, 107, 1132, 1133, 114, 626, 1142, 119, 631, 634, 641, 134, 646, 648, 649, 138, 651, 1161, 141, 154, 1179, 670, 163, 165, 171, 686, 175, 687, 691, 180, 692, 1209, 1210, 700, 1216, 193, 197, 1224, 714, 716, 719, 1238, 1239, 216, 733, 1251, 1252, 1253, 233, 746, 1257, 748, 1262, 752, 241, 242, 1264, 764, 767, 769, 771, 260, 772, 264, 268, 272, 277, 280, 284, 287, 291, 805, 300, 302, 306, 307, 308, 314, 827, 835, 325, 326, 331, 847, 336, 849, 341, 342, 859, 354, 355, 364, 876, 369, 374, 380, 383, 385, 897, 387, 900, 395, 398, 405, 415, 426, 431, 439, 951, 446, 967, 456, 468, 469, 470, 981, 478, 482, 995, 485, 1007, 498, 502, 505, 1018}, {3, 900, 1027, 646, 264, 395, 16, 405, 534, 163, 548, 37, 1060, 171, 300, 302, 686, 306, 308, 57, 1210, 193, 835, 325, 326, 456, 331, 719, 341, 981, 1239, 1112, 601, 603, 482, 355, 995, 485, 616, 1257, 746, 364, 1132, 1133, 241, 114, 498, 502, 631, 634}, {325, 326, 1257, 331, 171, 1132, 405, 1210}, {1210, 325, 326, 405}], 20: [], 21: [{0, 1, 4, 5, 7, 10, 11, 14, 15, 17, 18, 19, 20, 21, 22, 23, 27, 29, 31, 32, 34, 35, 38, 39, 40, 44, 45, 48, 52, 54, 56, 57, 58, 60, 61, 62, 63, 65, 66, 67, 68, 69, 70, 71, 72, 75, 77, 79, 80, 81, 82, 85, 86, 88, 89, 90, 91, 92, 93, 94, 96, 97, 101, 107, 108, 109, 112, 113, 115, 116, 117, 118, 119, 120, 121, 123, 124, 125, 130, 131, 132, 133, 134, 135, 137, 138, 139, 140, 141, 142, 143, 144, 147, 148, 151, 153, 154, 158, 159, 162, 166, 167, 169, 172, 173, 175, 176, 178, 180, 181, 184, 185, 188, 191, 194, 196, 197, 199, 200, 201, 203, 207, 208, 210, 211, 216, 217, 218, 219, 220, 221, 222, 225, 226, 227, 228, 230, 232, 239, 241, 242, 246, 247, 248, 250, 252, 253, 254, 258, 260, 261, 262, 270, 271, 272, 275, 276, 277, 278, 279, 280, 281, 282, 285, 288, 289, 291, 292, 293, 294, 297, 298, 303, 304, 306, 307, 309, 313, 314, 317, 318, 319, 320, 321, 322, 325, 326, 328, 329, 330, 331, 332, 334, 336, 337, 338, 339, 340, 341, 342, 343, 346, 347, 349, 353, 356, 358, 359, 360, 361, 362, 363, 364, 365, 368, 371, 373, 376, 380, 384, 385, 387, 388, 389, 391, 392, 393, 395, 396, 397, 398, 399, 401, 403, 404, 406, 407, 408, 409, 410, 411, 412, 415, 416, 419, 421, 422, 423, 424, 429, 430, 433, 434, 435, 436, 437, 438, 439, 440, 443, 446, 447, 449, 450, 451, 452, 453, 454, 456, 458, 461, 462, 464, 465, 467, 468, 469, 470, 471, 472, 474, 476, 477, 478, 481, 482, 483, 484, 485, 486, 487, 488, 489, 490, 491, 492, 493, 494, 495, 497, 498, 499, 501, 502, 503, 504, 505, 507, 509, 510, 512, 515, 516, 517, 519, 521, 522, 525, 528, 530, 532, 534, 536, 538, 539, 540, 541, 542, 543, 544, 548, 549, 551, 552, 554, 555, 556, 557, 558, 559, 560, 562, 564, 565, 566, 567, 571, 572, 573, 579, 581, 582, 583, 584, 585, 588, 591, 592, 594, 595, 596, 597, 599, 600, 601, 602, 604, 605, 607, 608, 609, 610, 611, 612, 613, 617, 618, 619, 620, 621, 622, 624, 625, 627, 630, 631, 637, 639, 640, 642, 643, 644, 646, 649, 651, 652, 654, 655, 657, 659, 660, 661, 663, 666, 669, 680, 681, 682, 684, 685, 692, 693, 694, 695, 697, 699, 701, 704, 705, 706, 707, 710, 711, 713, 714, 716, 718, 721, 724, 727, 729, 731, 732, 738, 739, 740, 741, 743, 744, 747, 748, 749, 750, 753, 754, 758, 760, 761, 762, 763, 764, 765, 767, 768, 769, 775, 777, 780, 781, 783, 784, 786, 788, 789, 790, 791, 796, 801, 802, 806, 809, 810, 811, 812, 813, 818, 819, 823, 824, 825, 826, 828, 830, 832, 834, 835, 839, 840, 841, 844, 849, 850, 851, 853, 858, 861, 862, 866, 867, 871, 872, 873, 874, 877, 878, 879, 880, 881, 882, 886, 887, 889, 890, 891, 894, 896, 897, 901, 902, 904, 907, 911, 914, 917, 919, 924, 925, 929, 932, 933, 934, 936, 937, 938, 939, 940, 942, 945, 946, 947, 948, 951, 952, 955, 956, 958, 961, 963, 965, 966, 967, 969, 970, 972, 973, 974, 975, 978, 980, 981, 983, 988, 990, 991, 993, 994, 995, 996, 997, 1001, 1002, 1003, 1007, 1008, 1009, 1014, 1017, 1019, 1021, 1022, 1023, 1024, 1026, 1027, 1030, 1033, 1038, 1039, 1040, 1042, 1043, 1047, 1048, 1049, 1050, 1052, 1060, 1063, 1066, 1069, 1070, 1073, 1074, 1077, 1085, 1087, 1090, 1092, 1093, 1094, 1095, 1098, 1099, 1100, 1102, 1104, 1105, 1106, 1107, 1109, 1113, 1114, 1115, 1116, 1118, 1119, 1120, 1121, 1123, 1125, 1126, 1127, 1128, 1132, 1133, 1134, 1135, 1136, 1137, 1139, 1142, 1146, 1148, 1150, 1152, 1153, 1156, 1157, 1158, 1159, 1160, 1161, 1162, 1164, 1168, 1169, 1171, 1173, 1174, 1175, 1177, 1178, 1179, 1180, 1181, 1182, 1184, 1185, 1186, 1188, 1189, 1191, 1193, 1194, 1195, 1196, 1197, 1198, 1199, 1200, 1201, 1202, 1203, 1205, 1206, 1207, 1210, 1211, 1212, 1214, 1217, 1218, 1219, 1222, 1223, 1226, 1228, 1230, 1231, 1232, 1233, 1235, 1238, 1239, 1241, 1243, 1244, 1246, 1248, 1250, 1251, 1252, 1253, 1254, 1256, 1257, 1258, 1259, 1260, 1264, 1268, 1270, 1271, 1272, 1273}, {0, 11, 15, 21, 29, 32, 35, 38, 39, 45, 52, 56, 58, 67, 72, 75, 80, 81, 82, 86, 89, 90, 108, 113, 117, 118, 131, 132, 134, 139, 141, 143, 144, 148, 169, 172, 176, 178, 180, 184, 197, 208, 211, 216, 217, 220, 225, 226, 241, 247, 250, 262, 270, 277, 278, 282, 289, 291, 292, 294, 297, 298, 303, 309, 322, 326, 329, 331, 337, 340, 343, 346, 353, 358, 362, 365, 373, 384, 385, 387, 388, 393, 395, 398, 399, 406, 408, 409, 415, 416, 421, 424, 430, 434, 436, 438, 440, 447, 449, 450, 456, 461, 464, 465, 476, 478, 481, 482, 483, 485, 488, 489, 490, 492, 497, 499, 501, 502, 503, 504, 505, 507, 510, 515, 516, 517, 522, 530, 534, 538, 539, 543, 548, 551, 552, 554, 571, 581, 591, 594, 597, 599, 600, 604, 608, 609, 610, 620, 624, 631, 637, 639, 644, 646, 652, 655, 660, 663, 666, 669, 685, 692, 694, 695, 704, 705, 710, 711, 716, 718, 724, 727, 731, 738, 739, 741, 743, 744, 749, 750, 758, 762, 763, 767, 768, 769, 775, 783, 784, 788, 791, 802, 806, 809, 812, 818, 819, 823, 824, 826, 830, 832, 835, 840, 844, 858, 866, 871, 872, 873, 874, 877, 880, 881, 886, 889, 891, 894, 896, 901, 902, 907, 917, 919, 924, 925, 929, 934, 942, 945, 946, 947, 956, 958, 965, 966, 970, 972, 975, 981, 990, 995, 996, 1002, 1003, 1008, 1009, 1017, 1021, 1022, 1023, 1026, 1027, 1030, 1039, 1047, 1049, 1050, 1060, 1066, 1069, 1073, 1074, 1077, 1085, 1087, 1090, 1092, 1094, 1095, 1098, 1102, 1104, 1106, 1107, 1113, 1114, 1115, 1118, 1119, 1120, 1132, 1135, 1142, 1146, 1148, 1150, 1152, 1153, 1157, 1158, 1160, 1161, 1162, 1164, 1169, 1175, 1177, 1179, 1180, 1181, 1182, 1186, 1188, 1191, 1194, 1196, 1198, 1200, 1203, 1206, 1211, 1212, 1217, 1218, 1222, 1223, 1226, 1228, 1230, 1232, 1233, 1238, 1239, 1241, 1243, 1246, 1251, 1252, 1253, 1257, 1258, 1260, 1264, 1273}, {35, 358, 362, 492, 45, 340, 440}, {440, 358}, {358}], 22: [{0, 3, 4, 6, 9, 10, 11, 13, 21, 24, 26, 27, 29, 32, 38, 44, 45, 47, 54, 57, 58, 73, 77, 79, 80, 81, 82, 85, 86, 89, 90, 94, 95, 96, 103, 106, 114, 116, 118, 119, 138, 141, 146, 152, 153, 172, 175, 180, 184, 188, 192, 194, 195, 196, 197, 200, 207, 208, 209, 216, 217, 219, 221, 222, 223, 226, 235, 239, 258, 259, 264, 265, 266, 268, 272, 273, 276, 285, 288, 289, 291, 292, 298, 300, 303, 307, 308, 319, 320, 321, 325, 326, 327, 328, 331, 332, 336, 340, 345, 346, 347, 350, 351, 353, 359, 360, 361, 362, 363, 370, 372, 374, 376, 384, 387, 389, 393, 395, 396, 398, 403, 405, 406, 408, 409, 410, 411, 412, 416, 419, 420, 421, 422, 424, 425, 431, 436, 437, 440, 446, 447, 450, 451, 456, 461, 462, 463, 464, 465, 467, 469, 470, 475, 477, 478, 479, 481, 482, 485, 488, 490, 493, 495, 498, 499, 500, 501, 502, 503, 504, 505, 506, 512, 522, 526, 528, 534, 536, 547, 548, 554, 555, 559, 561, 564, 566, 571, 573, 574, 578, 579, 582, 583, 584, 587, 588, 589, 590, 592, 594, 595, 599, 600, 601, 607, 611, 617, 622, 638, 641, 644, 652, 662, 665, 669, 674, 680, 695, 719, 730, 734, 740, 743, 748, 754, 758, 760, 768, 772, 777, 780, 781, 796, 800, 806, 815, 818, 850, 853, 855, 860, 863, 865, 867, 880, 881, 891, 897, 908, 909, 912, 913, 917, 920, 929, 939, 941, 960, 970, 971, 977, 979, 980, 992, 999, 1000, 1005, 1012, 1014, 1027, 1038, 1040, 1043, 1048, 1050, 1059, 1060, 1063, 1065, 1070, 1071, 1072, 1077, 1080, 1081, 1083, 1085, 1086, 1088, 1090, 1102, 1103, 1107, 1111, 1114, 1115, 1118, 1122, 1123, 1129, 1130, 1132, 1136, 1139, 1142, 1146, 1147, 1158, 1179, 1180, 1199, 1200, 1206, 1207, 1211, 1213, 1216, 1217, 1222, 1223, 1224, 1225, 1226, 1228, 1229, 1230, 1231, 1232, 1233, 1234, 1239, 1246, 1247, 1248, 1250, 1253, 1257, 1258, 1262, 1264, 1268, 1269}, {0, 512, 1027, 6, 526, 1040, 1043, 21, 534, 1048, 547, 548, 44, 1070, 1072, 1077, 57, 1085, 1088, 579, 73, 77, 1102, 82, 594, 1107, 86, 89, 1118, 95, 1122, 1123, 617, 1132, 622, 1139, 1158, 652, 665, 1179, 1180, 1199, 180, 695, 1223, 1225, 207, 208, 1231, 1234, 216, 219, 223, 226, 740, 1253, 1257, 235, 748, 1262, 1264, 1268, 760, 259, 264, 265, 780, 781, 273, 796, 800, 289, 291, 806, 300, 308, 325, 327, 328, 331, 336, 850, 340, 853, 855, 353, 881, 370, 372, 891, 384, 897, 393, 908, 909, 398, 912, 917, 406, 408, 409, 411, 412, 929, 419, 420, 424, 939, 941, 440, 456, 970, 464, 979, 980, 477, 992, 485, 999, 488, 490, 495, 498, 500, 501, 502, 503, 504, 1012, 506}, {1179, 796, 291, 420, 300, 180, 308, 57, 579, 1223, 328, 1225, 331, 336, 464, 219, 477, 95, 353, 1123, 740, 617, 503}], 23: [{0, 1024, 1027, 1028, 521, 1037, 14, 1038, 16, 528, 533, 534, 1049, 1050, 29, 1058, 1059, 548, 37, 1060, 1062, 41, 1068, 51, 55, 568, 57, 1079, 1083, 60, 1087, 1088, 1090, 70, 1096, 1098, 587, 1099, 78, 1106, 85, 1112, 601, 90, 603, 94, 1120, 612, 1124, 616, 106, 1132, 1133, 114, 626, 1142, 119, 631, 634, 637, 641, 130, 131, 134, 646, 648, 649, 651, 141, 155, 1179, 670, 163, 165, 677, 171, 686, 175, 687, 691, 180, 692, 694, 1209, 1210, 700, 193, 198, 1224, 714, 716, 719, 1238, 1239, 216, 1248, 1251, 1253, 233, 746, 1257, 748, 1262, 752, 241, 242, 1264, 759, 1271, 763, 764, 769, 771, 260, 772, 264, 272, 785, 280, 282, 284, 805, 300, 306, 307, 308, 310, 314, 827, 835, 325, 326, 331, 333, 847, 849, 850, 341, 859, 354, 361, 364, 876, 369, 374, 383, 897, 387, 900, 398, 405, 415, 934, 426, 939, 431, 433, 439, 446, 967, 456, 468, 981, 470, 472, 478, 995, 485, 495, 1007, 498, 1013, 502, 503, 505, 1018, 1022}, {0, 1024, 1027, 1028, 521, 1037, 1038, 528, 533, 534, 1050, 29, 1058, 548, 1062, 1068, 51, 1079, 1083, 1087, 1088, 1090, 70, 1096, 1098, 587, 1099, 78, 1106, 85, 90, 94, 612, 106, 1132, 626, 1142, 637, 641, 130, 131, 134, 648, 649, 651, 155, 1179, 670, 165, 677, 175, 687, 691, 180, 692, 694, 1209, 1210, 700, 193, 198, 1224, 714, 716, 1238, 1239, 216, 1248, 1253, 233, 1257, 748, 1262, 752, 242, 759, 1271, 763, 764, 769, 771, 260, 772, 272, 785, 280, 282, 284, 307, 308, 314, 325, 326, 331, 333, 847, 849, 850, 859, 354, 876, 369, 374, 383, 897, 387, 398, 405, 415, 934, 426, 939, 431, 433, 439, 446, 967, 456, 470, 478, 995, 485, 495, 1007, 498, 1013, 502, 503, 1018, 1022}, {131, 387, 771, 398, 534, 284, 548, 175, 431, 1210, 1090, 325, 326, 1224, 331, 716, 1106, 1239, 216, 485, 1257, 1132, 374, 759}, {387, 771, 325, 326, 331, 398, 216, 1210}, {387, 325, 326, 398, 216, 1210}, {1210, 387, 325, 326}, {1210, 387, 325, 326}, {1210, 325}], 24: [{534, 25, 31, 545, 34, 35, 548, 1057, 1058, 1061, 1063, 1067, 1068, 557, 1071, 1072, 1074, 565, 1078, 55, 1081, 1082, 1084, 1085, 1089, 586, 588, 589, 81, 82, 1106, 597, 1111, 1129, 107, 1132, 1150, 1161, 138, 141, 154, 189, 1216, 196, 197, 1224, 216, 733, 1252, 1257, 1258, 748, 1261, 767, 268, 277, 287, 288, 291, 298, 306, 821, 325, 326, 331, 336, 342, 369, 382, 385, 387, 398, 951, 967, 469, 470, 1002, 497, 498, 502}, {387, 398, 534, 25, 545, 1058, 548, 298, 1074, 1078, 1081, 1082, 196, 325, 326, 1224, 586, 336, 1106, 469, 342, 470, 1257, 748, 1132, 502, 382}, {1058, 387, 196, 325, 548, 298, 398, 534}], 25: [{0, 1, 2, 4, 5, 6, 7, 8, 9, 10, 11, 13, 14, 15, 18, 19, 20, 22, 23, 25, 27, 28, 31, 32, 34, 37, 38, 39, 40, 43, 44, 46, 50, 52, 53, 54, 56, 57, 58, 60, 61, 62, 63, 66, 68, 70, 77, 78, 79, 80, 81, 82, 85, 86, 90, 91, 92, 93, 94, 95, 96, 97, 98, 99, 100, 101, 102, 103, 104, 107, 108, 110, 111, 112, 115, 116, 117, 118, 119, 120, 121, 123, 124, 125, 126, 130, 133, 136, 137, 138, 139, 141, 142, 146, 148, 149, 150, 152, 153, 155, 156, 157, 158, 159, 160, 161, 162, 165, 166, 167, 168, 169, 171, 173, 174, 175, 177, 179, 180, 181, 182, 183, 184, 185, 187, 188, 189, 190, 191, 192, 193, 194, 196, 197, 198, 199, 200, 201, 202, 203, 204, 207, 208, 209, 210, 213, 216, 217, 218, 219, 221, 226, 227, 228, 230, 231, 233, 235, 236, 237, 239, 240, 241, 242, 244, 245, 246, 248, 251, 252, 254, 256, 257, 259, 260, 265, 271, 273, 275, 276, 277, 278, 279, 280, 284, 285, 286, 287, 288, 290, 291, 292, 293, 295, 296, 298, 303, 304, 305, 306, 307, 309, 310, 312, 313, 314, 315, 317, 318, 319, 320, 321, 322, 325, 326, 327, 328, 330, 331, 332, 333, 334, 336, 338, 339, 342, 343, 344, 345, 346, 347, 348, 351, 353, 354, 356, 357, 359, 360, 361, 362, 363, 364, 365, 367, 368, 370, 371, 372, 374, 375, 376, 377, 378, 380, 382, 387, 388, 389, 391, 393, 394, 395, 396, 397, 398, 400, 401, 403, 404, 405, 407, 408, 409, 410, 411, 412, 413, 414, 416, 419, 420, 423, 427, 428, 429, 430, 432, 433, 434, 435, 437, 438, 439, 440, 442, 443, 447, 450, 451, 452, 454, 455, 456, 458, 459, 460, 461, 462, 463, 464, 465, 466, 467, 468, 469, 470, 471, 472, 475, 477, 478, 479, 480, 481, 482, 484, 485, 486, 487, 489, 490, 493, 494, 495, 497, 498, 499, 500, 502, 503, 504, 505, 506, 507, 508, 509, 510, 511, 512, 514, 516, 517, 518, 519, 520, 521, 522, 523, 525, 526, 528, 529, 530, 531, 532, 533, 534, 536, 538, 542, 548, 549, 550, 552, 556, 557, 558, 559, 560, 561, 564, 565, 567, 569, 570, 571, 573, 577, 578, 579, 582, 584, 585, 586, 587, 588, 591, 592, 595, 596, 597, 598, 599, 600, 601, 602, 603, 605, 606, 607, 611, 612, 613, 614, 615, 617, 618, 619, 621, 622, 625, 626, 627, 629, 630, 632, 633, 635, 641, 642, 643, 647, 651, 653, 654, 656, 657, 659, 661, 664, 665, 667, 668, 670, 672, 673, 674, 675, 676, 677, 680, 681, 683, 684, 686, 687, 688, 690, 691, 692, 693, 695, 696, 697, 699, 700, 701, 702, 703, 705, 706, 707, 709, 712, 713, 714, 715, 716, 717, 718, 719, 720, 722, 723, 725, 727, 728, 729, 730, 732, 733, 734, 735, 737, 740, 745, 746, 747, 748, 751, 752, 753, 754, 755, 757, 759, 760, 761, 764, 765, 766, 769, 771, 772, 773, 776, 780, 781, 783, 785, 787, 788, 789, 790, 792, 794, 796, 797, 798, 799, 800, 801, 803, 804, 805, 806, 807, 808, 810, 811, 814, 815, 816, 818, 820, 821, 822, 823, 824, 827, 828, 829, 831, 832, 833, 834, 836, 837, 838, 839, 840, 841, 843, 848, 852, 853, 855, 857, 858, 859, 860, 861, 862, 864, 865, 868, 869, 870, 871, 872, 875, 876, 878, 879, 882, 883, 884, 885, 887, 888, 892, 893, 897, 898, 899, 900, 901, 904, 905, 906, 910, 911, 913, 914, 915, 918, 920, 921, 922, 926, 927, 930, 932, 933, 935, 937, 938, 939, 940, 941, 943, 944, 948, 949, 950, 951, 953, 954, 955, 959, 961, 964, 967, 968, 969, 970, 971, 976, 977, 978, 979, 980, 981, 982, 983, 984, 985, 987, 988, 989, 992, 997, 998, 999, 1000, 1001, 1005, 1006, 1009, 1010, 1011, 1013, 1014, 1015, 1016, 1018, 1019, 1022, 1024, 1027, 1028, 1029, 1035, 1036, 1037, 1040, 1043, 1044, 1045, 1046, 1048, 1049, 1050, 1052, 1054, 1055, 1056, 1058, 1059, 1060, 1062, 1063, 1064, 1068, 1070, 1072, 1075, 1076, 1077, 1078, 1079, 1081, 1096, 1097, 1099, 1100, 1103, 1105, 1106, 1107, 1109, 1110, 1111, 1112, 1113, 1116, 1117, 1118, 1120, 1123, 1126, 1127, 1128, 1129, 1130, 1131, 1132, 1134, 1136, 1137, 1138, 1139, 1140, 1142, 1146, 1147, 1148, 1152, 1153, 1154, 1156, 1157, 1158, 1160, 1163, 1165, 1166, 1167, 1171, 1172, 1173, 1174, 1177, 1179, 1180, 1181, 1183, 1184, 1185, 1186, 1187, 1189, 1192, 1193, 1194, 1196, 1197, 1198, 1199, 1200, 1202, 1203, 1204, 1206, 1207, 1208, 1209, 1212, 1213, 1214, 1216, 1217, 1218, 1219, 1220, 1221, 1222, 1223, 1224, 1225, 1227, 1229, 1230, 1231, 1232, 1234, 1236, 1238, 1239, 1240, 1241, 1242, 1245, 1246, 1247, 1249, 1250, 1251, 1253, 1254, 1255, 1257, 1259, 1260, 1261, 1262, 1264, 1265, 1267, 1268, 1269, 1270, 1271}, {2, 10, 13, 18, 19, 23, 27, 28, 37, 40, 44, 46, 62, 80, 82, 85, 96, 100, 102, 107, 108, 110, 120, 121, 123, 125, 133, 136, 141, 150, 156, 171, 173, 179, 181, 182, 185, 188, 189, 191, 192, 193, 196, 200, 202, 203, 207, 208, 213, 216, 219, 231, 237, 242, 246, 251, 254, 256, 259, 260, 279, 287, 288, 291, 292, 293, 295, 296, 303, 305, 314, 318, 319, 320, 322, 327, 328, 330, 332, 334, 336, 338, 342, 344, 347, 351, 353, 356, 360, 361, 362, 364, 370, 371, 372, 375, 376, 380, 387, 388, 389, 395, 398, 400, 405, 408, 409, 411, 412, 413, 416, 428, 432, 434, 437, 438, 440, 447, 450, 452, 454, 455, 456, 459, 461, 462, 463, 465, 468, 469, 478, 481, 484, 490, 497, 500, 502, 503, 506, 508, 511, 516, 517, 518, 520, 532, 533, 548, 556, 558, 559, 567, 569, 571, 577, 578, 582, 585, 587, 591, 592, 596, 597, 599, 601, 602, 605, 606, 607, 611, 621, 635, 651, 665, 667, 668, 672, 673, 674, 675, 681, 684, 686, 687, 688, 693, 696, 699, 701, 703, 706, 707, 713, 714, 715, 717, 719, 725, 728, 733, 734, 737, 745, 747, 748, 751, 754, 755, 757, 759, 761, 764, 771, 776, 780, 785, 787, 789, 790, 794, 800, 803, 804, 805, 808, 810, 811, 815, 822, 823, 824, 827, 829, 831, 833, 834, 838, 839, 841, 848, 852, 853, 857, 859, 860, 861, 862, 864, 865, 869, 870, 876, 879, 883, 885, 887, 888, 892, 893, 897, 898, 899, 905, 906, 910, 911, 913, 914, 915, 918, 920, 921, 922, 926, 932, 933, 937, 940, 941, 944, 949, 950, 951, 953, 954, 955, 959, 961, 964, 967, 968, 969, 971, 976, 977, 978, 980, 982, 984, 987, 988, 998, 1006, 1014, 1018, 1019, 1024, 1028, 1029, 1035, 1036, 1037, 1043, 1044, 1045, 1048, 1052, 1054, 1063, 1064, 1068, 1070, 1072, 1078, 1079, 1081, 1096, 1097, 1100, 1103, 1105, 1106, 1109, 1110, 1111, 1113, 1117, 1118, 1120, 1123, 1128, 1130, 1131, 1132, 1134, 1136, 1137, 1138, 1146, 1147, 1148, 1152, 1154, 1156, 1157, 1163, 1173, 1174, 1179, 1180, 1181, 1183, 1184, 1186, 1189, 1192, 1197, 1200, 1203, 1209, 1212, 1213, 1217, 1218, 1219, 1220, 1221, 1223, 1224, 1225, 1227, 1230, 1232, 1238, 1239, 1240, 1245, 1246, 1247, 1250, 1251, 1253, 1254, 1257, 1265, 1267, 1268, 1270, 1271}, {1128, 1224, 362, 490, 748, 1257, 462, 1103, 1106, 246, 440}], 26: [{0, 256, 387, 389, 11, 529, 18, 281, 411, 291, 52, 440, 1084, 325, 326, 583, 456, 1222, 331, 464, 465, 82, 469, 88, 225, 485, 358, 1257, 365, 502, 758}, {291, 325, 326, 358, 485, 1257, 331, 464, 469, 440, 281}, {485, 358, 326, 1257, 464}, {1257, 358}, {1257, 358}, {1257, 358}, {358}, {358}], 27: [{0, 1027, 1038, 527, 528, 534, 536, 1056, 547, 548, 553, 554, 1069, 47, 566, 56, 1083, 573, 63, 578, 579, 583, 75, 77, 590, 81, 82, 1110, 599, 90, 602, 605, 607, 96, 1123, 613, 1136, 1142, 119, 641, 1157, 1160, 149, 153, 667, 1180, 669, 674, 680, 1198, 175, 689, 1206, 184, 1213, 195, 1220, 198, 200, 1225, 203, 1228, 207, 208, 1239, 216, 1246, 1248, 226, 1252, 239, 261, 272, 273, 291, 803, 804, 303, 319, 325, 326, 328, 331, 332, 850, 347, 353, 370, 374, 382, 389, 913, 403, 410, 416, 419, 933, 940, 429, 946, 440, 446, 456, 970, 464, 465, 467, 469, 470, 477, 478, 991, 998, 488, 490, 501, 502, 503, 506}, {353, 1123, 548, 456, 216, 347, 478}], 28: [], 29: [], 30: [], 31: [{387, 389, 398, 534, 409, 154, 925, 1058, 298, 693, 951, 570, 196, 325, 326, 331, 475, 1257, 234, 490, 492, 498}, {1058, 387, 325, 326, 1257, 298, 331, 398, 498, 951, 154}], 32: [], 33: [{0, 1, 4, 6, 7, 8, 9, 10, 11, 12, 13, 14, 15, 16, 17, 18, 20, 21, 22, 24, 25, 26, 29, 30, 31, 32, 34, 35, 36, 38, 39, 43, 45, 48, 49, 50, 51, 53, 54, 55, 56, 57, 58, 60, 61, 62, 63, 64, 65, 66, 67, 68, 69, 70, 71, 72, 74, 75, 77, 78, 79, 80, 81, 82, 83, 84, 85, 89, 91, 92, 93, 94, 95, 96, 97, 98, 99, 101, 103, 104, 105, 107, 108, 109, 112, 113, 115, 116, 118, 119, 124, 126, 130, 131, 132, 134, 135, 137, 138, 139, 140, 141, 142, 143, 144, 145, 146, 149, 150, 151, 152, 153, 154, 155, 157, 158, 159, 160, 161, 162, 163, 164, 165, 166, 167, 168, 170, 172, 173, 174, 175, 176, 177, 178, 180, 183, 184, 186, 187, 193, 194, 196, 197, 198, 199, 201, 202, 203, 204, 205, 206, 207, 208, 209, 211, 212, 216, 217, 218, 219, 220, 221, 222, 225, 227, 228, 229, 230, 232, 233, 234, 235, 236, 237, 239, 240, 243, 244, 245, 246, 247, 248, 250, 252, 253, 255, 257, 258, 262, 264, 265, 267, 268, 269, 270, 271, 272, 273, 274, 275, 276, 279, 280, 281, 282, 284, 285, 286, 289, 290, 291, 292, 294, 295, 297, 298, 300, 302, 304, 306, 307, 308, 309, 310, 312, 313, 314, 315, 317, 321, 322, 325, 326, 328, 329, 330, 331, 332, 333, 334, 335, 336, 337, 341, 344, 345, 347, 348, 349, 350, 352, 354, 357, 358, 359, 360, 361, 362, 363, 365, 367, 368, 369, 370, 373, 374, 377, 378, 379, 380, 381, 382, 383, 384, 385, 387, 388, 389, 390, 391, 392, 393, 394, 395, 396, 397, 398, 399, 401, 402, 403, 404, 405, 406, 407, 408, 409, 410, 411, 412, 414, 415, 416, 417, 419, 420, 421, 422, 423, 424, 425, 426, 427, 429, 430, 433, 434, 435, 436, 437, 439, 440, 442, 443, 444, 445, 446, 447, 449, 450, 451, 452, 453, 456, 457, 458, 460, 461, 462, 464, 465, 466, 467, 469, 470, 471, 472, 473, 474, 475, 476, 477, 478, 479, 480, 481, 482, 483, 484, 485, 486, 487, 488, 489, 490, 491, 492, 493, 494, 495, 496, 497, 498, 499, 501, 502, 503, 505, 506, 509, 510, 511, 512, 513, 514, 515, 517, 519, 521, 522, 523, 525, 526, 527, 528, 529, 530, 531, 532, 534, 536, 539, 540, 541, 542, 543, 544, 546, 547, 548, 549, 550, 551, 553, 554, 555, 556, 557, 558, 559, 560, 561, 562, 564, 565, 566, 567, 569, 570, 571, 572, 573, 574, 575, 577, 578, 579, 581, 582, 583, 584, 586, 587, 588, 590, 591, 593, 594, 595, 597, 598, 599, 600, 601, 602, 603, 604, 607, 608, 609, 610, 612, 614, 615, 617, 618, 619, 620, 622, 624, 625, 626, 627, 629, 630, 631, 632, 633, 637, 639, 640, 641, 642, 643, 644, 646, 647, 649, 650, 652, 653, 654, 655, 656, 657, 658, 659, 660, 661, 662, 663, 664, 666, 669, 670, 673, 676, 677, 679, 680, 682, 683, 685, 690, 691, 694, 697, 699, 700, 702, 704, 709, 710, 711, 712, 716, 720, 721, 722, 723, 724, 729, 730, 731, 732, 734, 735, 737, 738, 739, 740, 741, 743, 744, 746, 748, 749, 750, 752, 753, 758, 760, 762, 763, 765, 766, 767, 768, 772, 773, 775, 777, 778, 781, 784, 786, 791, 792, 795, 796, 797, 798, 799, 801, 802, 807, 809, 812, 813, 814, 816, 817, 819, 820, 821, 823, 824, 825, 826, 830, 835, 836, 837, 843, 844, 849, 850, 851, 852, 854, 855, 866, 867, 868, 873, 874, 875, 877, 878, 880, 881, 882, 884, 886, 888, 889, 891, 894, 896, 900, 902, 903, 904, 907, 912, 913, 917, 919, 924, 925, 927, 929, 930, 934, 935, 936, 937, 938, 942, 943, 945, 946, 947, 948, 952, 956, 958, 961, 963, 965, 966, 972, 973, 974, 975, 979, 980, 981, 983, 984, 985, 989, 990, 991, 992, 993, 994, 995, 996, 997, 998, 999, 1000, 1001, 1002, 1003, 1005, 1007, 1008, 1010, 1011, 1013, 1015, 1016, 1017, 1021, 1023, 1025, 1026, 1027, 1030, 1033, 1038, 1039, 1040, 1042, 1043, 1046, 1047, 1049, 1050, 1051, 1054, 1055, 1056, 1057, 1058, 1059, 1061, 1062, 1063, 1064, 1066, 1067, 1069, 1072, 1073, 1074, 1075, 1076, 1080, 1081, 1082, 1084, 1085, 1086, 1087, 1088, 1089, 1090, 1091, 1092, 1093, 1094, 1095, 1098, 1099, 1101, 1102, 1103, 1104, 1106, 1107, 1112, 1113, 1114, 1115, 1116, 1118, 1119, 1120, 1121, 1122, 1123, 1124, 1125, 1126, 1128, 1129, 1130, 1132, 1133, 1135, 1136, 1137, 1138, 1139, 1140, 1141, 1142, 1146, 1147, 1148, 1150, 1151, 1152, 1153, 1154, 1158, 1159, 1160, 1161, 1162, 1164, 1166, 1167, 1168, 1169, 1171, 1172, 1175, 1176, 1179, 1180, 1181, 1182, 1184, 1185, 1186, 1187, 1188, 1189, 1191, 1193, 1194, 1195, 1196, 1198, 1199, 1200, 1201, 1202, 1203, 1204, 1205, 1206, 1207, 1208, 1209, 1210, 1211, 1212, 1213, 1214, 1216, 1217, 1218, 1219, 1220, 1221, 1222, 1223, 1224, 1226, 1228, 1229, 1230, 1231, 1232, 1233, 1234, 1235, 1236, 1237, 1238, 1239, 1241, 1242, 1243, 1244, 1246, 1247, 1248, 1249, 1250, 1251, 1252, 1253, 1254, 1255, 1256, 1257, 1258, 1260, 1261, 1262, 1264, 1269, 1270, 1271, 1273}, {0, 11, 16, 17, 24, 25, 29, 38, 45, 51, 54, 58, 62, 75, 80, 97, 105, 140, 153, 154, 155, 163, 183, 193, 194, 206, 207, 216, 222, 225, 233, 246, 285, 286, 291, 307, 309, 310, 312, 313, 315, 325, 326, 332, 333, 344, 361, 373, 380, 382, 387, 388, 389, 394, 411, 422, 427, 429, 436, 439, 440, 443, 445, 452, 464, 465, 467, 469, 474, 475, 477, 483, 485, 487, 490, 492, 497, 505, 513, 521, 522, 526, 527, 529, 534, 547, 548, 566, 570, 579, 587, 608, 641, 642, 649, 657, 661, 662, 664, 670, 676, 677, 679, 680, 683, 685, 697, 700, 702, 704, 710, 712, 716, 721, 722, 729, 730, 731, 735, 737, 738, 741, 743, 744, 748, 750, 752, 753, 763, 766, 768, 772, 777, 795, 798, 799, 802, 809, 812, 814, 816, 819, 820, 821, 823, 826, 835, 837, 843, 844, 849, 850, 851, 855, 866, 867, 868, 873, 874, 875, 881, 882, 888, 891, 894, 896, 900, 902, 904, 912, 913, 919, 924, 925, 929, 930, 934, 935, 936, 937, 938, 943, 945, 946, 952, 956, 963, 966, 972, 979, 980, 981, 983, 991, 993, 994, 996, 997, 1000, 1001, 1002, 1005, 1010, 1016, 1017, 1021, 1023, 1025, 1027, 1030, 1033, 1038, 1040, 1042, 1046, 1049, 1050, 1054, 1057, 1058, 1061, 1063, 1064, 1067, 1069, 1072, 1073, 1075, 1076, 1080, 1081, 1082, 1084, 1085, 1087, 1089, 1090, 1091, 1092, 1093, 1094, 1098, 1099, 1106, 1113, 1114, 1115, 1116, 1119, 1120, 1122, 1124, 1126, 1128, 1129, 1132, 1133, 1135, 1136, 1137, 1138, 1139, 1140, 1141, 1146, 1147, 1148, 1150, 1151, 1152, 1153, 1159, 1160, 1162, 1164, 1168, 1169, 1171, 1172, 1175, 1176, 1179, 1180, 1181, 1187, 1191, 1193, 1194, 1195, 1196, 1198, 1199, 1201, 1205, 1207, 1208, 1209, 1212, 1213, 1216, 1217, 1219, 1222, 1223, 1224, 1226, 1228, 1229, 1230, 1231, 1233, 1234, 1236, 1237, 1238, 1239, 1241, 1242, 1246, 1247, 1248, 1249, 1253, 1256, 1257, 1258, 1264, 1270, 1271, 1273}, {579, 325, 326, 1224, 490, 1132, 246, 1119}, {579, 325, 490, 1132, 246}], 34: [{1152, 389, 135, 1039, 1042, 416, 548, 304, 54, 440, 571, 1224, 331, 722, 597, 474, 1123, 612, 1257, 1267, 630, 252}], 35: [{512, 6, 536, 27, 548, 38, 44, 1070, 561, 56, 57, 59, 60, 571, 1085, 79, 595, 86, 1121, 103, 617, 116, 638, 138, 146, 665, 161, 1204, 192, 194, 1220, 199, 1231, 208, 217, 1253, 743, 1257, 748, 1260, 1262, 1264, 1268, 760, 259, 265, 277, 286, 800, 813, 827, 325, 326, 327, 328, 336, 353, 365, 384, 897, 389, 420, 421, 440, 954, 450, 967, 456, 971, 977, 475, 481, 999, 490, 501, 503, 504}, {194, 328, 1268, 86, 440}], 36: [{0, 1160, 393, 526, 530, 534, 924, 288, 291, 1063, 298, 555, 308, 1080, 1081, 1082, 325, 464, 81, 85, 216, 748, 494, 1264, 502, 891, 1148}, {1082, 393, 216, 1081, 1080}, {1080, 1081, 1082}], 37: [{0, 1, 2, 4, 5, 6, 7, 8, 9, 10, 11, 12, 13, 14, 15, 16, 17, 18, 19, 20, 21, 22, 23, 26, 27, 28, 29, 30, 31, 32, 34, 35, 37, 38, 39, 40, 43, 44, 45, 46, 48, 50, 51, 52, 53, 54, 55, 56, 57, 58, 60, 62, 63, 64, 65, 66, 67, 68, 69, 70, 71, 72, 74, 75, 77, 78, 79, 80, 81, 82, 84, 85, 86, 89, 90, 91, 92, 93, 94, 95, 96, 97, 98, 99, 100, 101, 102, 103, 104, 105, 107, 108, 109, 110, 111, 112, 113, 115, 116, 117, 118, 119, 120, 121, 123, 124, 125, 126, 127, 130, 131, 132, 133, 134, 135, 136, 137, 138, 139, 141, 142, 143, 144, 146, 147, 148, 149, 150, 151, 152, 153, 154, 155, 156, 157, 158, 159, 160, 161, 162, 163, 164, 165, 166, 167, 168, 169, 170, 171, 172, 173, 174, 175, 176, 177, 178, 179, 180, 181, 182, 183, 184, 185, 186, 187, 188, 189, 190, 191, 192, 193, 194, 195, 196, 197, 198, 199, 200, 201, 202, 203, 204, 206, 207, 208, 209, 210, 211, 212, 213, 216, 217, 218, 219, 220, 221, 226, 227, 228, 229, 230, 231, 232, 233, 234, 235, 236, 237, 239, 240, 241, 242, 243, 244, 245, 246, 247, 248, 250, 251, 252, 254, 255, 256, 257, 258, 259, 260, 262, 263, 264, 265, 268, 269, 270, 271, 272, 273, 274, 275, 276, 277, 278, 279, 280, 281, 282, 284, 285, 287, 288, 289, 290, 291, 292, 293, 294, 295, 296, 297, 298, 300, 302, 303, 304, 305, 306, 307, 308, 309, 310, 312, 313, 314, 317, 318, 319, 320, 321, 322, 325, 326, 327, 328, 329, 330, 331, 332, 333, 334, 335, 336, 337, 338, 339, 341, 342, 343, 344, 345, 346, 347, 348, 349, 350, 351, 353, 354, 356, 357, 359, 360, 361, 362, 363, 364, 365, 367, 368, 369, 370, 371, 372, 374, 375, 376, 377, 378, 379, 380, 381, 382, 383, 384, 385, 387, 388, 389, 390, 391, 392, 393, 394, 395, 396, 397, 398, 399, 400, 401, 402, 403, 404, 405, 406, 407, 408, 409, 410, 411, 412, 413, 414, 415, 416, 417, 419, 420, 421, 422, 423, 424, 425, 428, 430, 432, 433, 434, 435, 436, 437, 438, 439, 440, 442, 443, 444, 445, 446, 447, 449, 450, 451, 452, 454, 455, 456, 457, 458, 459, 460, 461, 462, 463, 464, 465, 466, 468, 469, 470, 471, 472, 473, 474, 476, 477, 478, 479, 480, 481, 482, 483, 484, 485, 486, 487, 488, 489, 490, 491, 492, 493, 494, 495, 496, 497, 498, 499, 500, 501, 502, 503, 504, 505, 506, 507, 508, 509, 510, 512, 513, 514, 515, 516, 517, 518, 519, 520, 522, 523, 525, 526, 527, 528, 529, 530, 531, 532, 533, 534, 536, 538, 539, 540, 541, 542, 543, 544, 546, 547, 548, 549, 550, 551, 552, 553, 554, 555, 556, 557, 558, 559, 560, 561, 562, 564, 565, 567, 569, 570, 571, 572, 573, 574, 575, 577, 578, 579, 581, 583, 584, 585, 586, 587, 588, 590, 591, 592, 593, 594, 595, 596, 597, 598, 599, 600, 601, 602, 603, 604, 605, 606, 607, 608, 609, 610, 611, 612, 613, 614, 615, 617, 618, 619, 620, 621, 622, 624, 625, 626, 627, 629, 630, 631, 632, 633, 635, 637, 639, 640, 641, 642, 643, 644, 646, 647, 649, 650, 651, 652, 653, 654, 655, 656, 659, 660, 662, 663, 665, 666, 667, 668, 669, 670, 672, 673, 674, 675, 676, 680, 681, 682, 684, 686, 687, 688, 690, 691, 692, 693, 694, 695, 696, 697, 699, 701, 703, 705, 706, 707, 709, 711, 712, 713, 714, 715, 716, 717, 718, 719, 720, 721, 723, 724, 725, 727, 728, 730, 732, 733, 734, 737, 739, 740, 742, 744, 745, 746, 747, 748, 749, 751, 753, 754, 755, 757, 758, 759, 760, 762, 764, 765, 767, 769, 771, 773, 775, 776, 778, 780, 781, 783, 784, 785, 786, 787, 788, 789, 790, 791, 792, 794, 796, 797, 800, 801, 803, 804, 805, 806, 807, 808, 810, 811, 813, 815, 817, 818, 822, 823, 824, 825, 827, 828, 829, 830, 831, 832, 833, 834, 836, 838, 839, 840, 841, 848, 852, 853, 854, 855, 857, 858, 859, 860, 861, 862, 864, 865, 869, 870, 871, 872, 874, 876, 878, 879, 880, 883, 884, 885, 887, 888, 889, 892, 893, 894, 897, 898, 899, 900, 901, 904, 905, 906, 907, 910, 911, 913, 914, 915, 917, 918, 920, 921, 922, 925, 926, 927, 932, 933, 936, 939, 940, 941, 942, 944, 947, 948, 949, 950, 951, 953, 954, 955, 958, 959, 960, 961, 964, 965, 967, 968, 969, 970, 971, 973, 974, 975, 976, 977, 978, 980, 981, 982, 983, 984, 985, 987, 988, 989, 990, 991, 992, 995, 998, 999, 1003, 1006, 1007, 1008, 1009, 1011, 1013, 1014, 1015, 1018, 1019, 1022, 1023, 1024, 1026, 1027, 1028, 1029, 1035, 1036, 1037, 1039, 1040, 1042, 1043, 1044, 1045, 1046, 1048, 1049, 1050, 1051, 1052, 1055, 1056, 1058, 1059, 1060, 1061, 1062, 1063, 1066, 1068, 1069, 1070, 1072, 1073, 1074, 1077, 1078, 1079, 1080, 1081, 1085, 1086, 1088, 1089, 1090, 1091, 1093, 1095, 1096, 1097, 1100, 1102, 1103, 1104, 1105, 1107, 1109, 1110, 1111, 1112, 1113, 1114, 1117, 1118, 1119, 1120, 1121, 1123, 1125, 1127, 1128, 1130, 1131, 1132, 1134, 1136, 1137, 1139, 1140, 1142, 1146, 1147, 1152, 1153, 1154, 1156, 1157, 1158, 1160, 1161, 1162, 1163, 1165, 1166, 1167, 1172, 1173, 1174, 1177, 1179, 1180, 1181, 1182, 1183, 1184, 1185, 1186, 1189, 1192, 1194, 1196, 1197, 1198, 1200, 1202, 1203, 1204, 1205, 1206, 1208, 1209, 1210, 1211, 1212, 1213, 1214, 1216, 1217, 1218, 1219, 1220, 1221, 1222, 1223, 1224, 1225, 1226, 1227, 1228, 1229, 1230, 1231, 1232, 1233, 1234, 1235, 1238, 1239, 1240, 1241, 1242, 1243, 1244, 1245, 1246, 1247, 1248, 1249, 1250, 1251, 1252, 1253, 1254, 1255, 1257, 1258, 1259, 1260, 1261, 1262, 1264, 1265, 1267, 1268, 1269, 1270, 1271, 1272, 1273}, {1040, 530, 19, 534, 23, 536, 538, 1051, 1056, 1059, 548, 1062, 555, 1068, 1074, 52, 57, 58, 571, 62, 1088, 577, 1090, 579, 1093, 583, 1096, 1097, 587, 1102, 80, 81, 595, 84, 85, 86, 599, 603, 94, 1119, 608, 1123, 1125, 1128, 107, 1132, 109, 1136, 117, 118, 1142, 1146, 125, 639, 1152, 1154, 138, 1163, 1166, 1174, 154, 1180, 1200, 183, 697, 699, 190, 193, 1220, 1224, 204, 727, 216, 1242, 1245, 1246, 1247, 737, 1250, 1251, 740, 233, 1257, 1258, 749, 251, 252, 258, 771, 778, 277, 790, 281, 796, 287, 288, 289, 291, 293, 810, 813, 817, 308, 312, 314, 319, 831, 836, 325, 326, 327, 840, 330, 331, 332, 333, 344, 349, 353, 354, 360, 874, 365, 880, 370, 887, 379, 893, 894, 387, 388, 398, 406, 408, 421, 423, 424, 936, 428, 434, 948, 439, 445, 452, 456, 970, 462, 490, 499, 502, 503, 1014, 508, 1023}], 38: [{1, 4, 10, 12, 14, 527, 1054, 32, 1058, 39, 40, 556, 45, 1074, 1078, 1080, 58, 570, 61, 1093, 1095, 1104, 84, 1113, 92, 94, 97, 107, 1132, 111, 1138, 116, 121, 1146, 1158, 138, 672, 176, 1208, 190, 196, 197, 208, 1234, 212, 216, 246, 761, 764, 789, 291, 310, 325, 326, 838, 334, 858, 362, 365, 387, 388, 389, 393, 408, 922, 925, 423, 940, 437, 439, 440, 953, 443, 464, 465, 467, 988, 478, 993, 490, 492, 502, 503}, {1, 4, 326, 40, 492, 45, 334, 1132, 208, 464, 246, 310, 216, 502, 1146, 443}, {326, 1132, 492, 464, 310}], 39: [{194, 1179, 276, 85}, {194}], 40: [], 41: [], 42: [{1080, 1081, 1082, 291}, {1082, 291}, {1082}, {1082}], 43: [{0, 7, 8, 522, 11, 527, 25, 547, 548, 1068, 45, 1069, 566, 54, 1080, 569, 62, 1088, 1089, 583, 1097, 75, 1103, 595, 85, 603, 1119, 608, 102, 1136, 113, 1142, 1146, 1147, 639, 127, 1152, 642, 1153, 1160, 1161, 1162, 155, 1179, 1180, 670, 163, 193, 1217, 1222, 712, 1224, 1229, 207, 1238, 1245, 1247, 1248, 225, 1251, 1255, 744, 1256, 1257, 750, 1272, 778, 271, 788, 281, 284, 285, 287, 291, 817, 307, 308, 309, 310, 313, 314, 315, 836, 325, 326, 840, 331, 332, 333, 852, 349, 358, 362, 874, 887, 888, 379, 382, 894, 389, 393, 398, 423, 428, 436, 443, 444, 445, 452, 970, 465, 467, 469, 984, 483, 487, 490, 492, 497, 499, 502, 1016, 511}, {0, 1152, 642, 1153, 1272, 1160, 1161, 1162, 11, 398, 271, 788, 25, 1179, 1180, 670, 163, 291, 548, 1068, 1069, 817, 307, 309, 443, 445, 62, 193, 1089, 1217, 836, 325, 326, 1222, 712, 970, 333, 207, 1103, 465, 467, 595, 852, 984, 1119, 608, 1248, 483, 1251, 102, 1255, 744, 1257, 362, 497, 502, 887, 888, 1147}, {0, 642, 548, 325, 326, 1255, 1257, 11, 1068, 333, 398, 1069, 465, 817, 467, 1272, 445, 62}, {325, 1255, 1257, 398, 1272}, {1257, 398}], 44: [{288, 353, 1250, 325, 1126, 1257, 490, 75, 492, 308, 57}], 45: [{0, 7, 522, 527, 19, 1023, 1056, 547, 1062, 45, 566, 1080, 569, 579, 603, 1119, 1128, 1136, 1146, 639, 127, 1154, 1161, 1163, 154, 155, 697, 204, 1229, 1245, 225, 737, 1256, 233, 1257, 750, 778, 281, 284, 285, 796, 287, 308, 309, 310, 312, 313, 314, 315, 325, 326, 840, 331, 332, 344, 349, 354, 358, 893, 382, 389, 392, 393, 398, 423, 428, 436, 439, 444, 452, 465, 469, 487, 492, 499, 1016, 511}, {325, 326, 423, 392, 1257, 331, 332, 398, 465, 469, 566, 312, 313, 314, 796, 1023}, {325, 423, 392, 1257, 332, 398, 465, 314}, {392, 398, 423}, {398}, {398}], 46: [], 47: [{526, 16, 17, 528, 1040, 23, 536, 1049, 538, 547, 548, 1061, 38, 1063, 555, 559, 1072, 1074, 51, 1075, 570, 1083, 1085, 62, 1090, 579, 1093, 1096, 75, 587, 1102, 591, 84, 602, 603, 93, 94, 608, 1121, 1123, 1125, 1126, 105, 1130, 1136, 113, 1152, 642, 1160, 649, 138, 150, 153, 1179, 673, 676, 1194, 173, 183, 1208, 699, 190, 193, 194, 195, 1218, 1220, 202, 1229, 206, 1230, 727, 216, 1241, 730, 222, 1247, 737, 740, 1257, 749, 247, 251, 771, 277, 790, 288, 293, 295, 298, 810, 308, 309, 310, 312, 314, 319, 831, 322, 325, 326, 331, 334, 855, 361, 365, 370, 373, 888, 379, 380, 904, 394, 411, 925, 422, 424, 936, 937, 429, 434, 948, 439, 443, 447, 961, 450, 465, 979, 469, 983, 475, 998, 487, 490, 492, 497, 499, 505, 508, 1017, 1023}, {642, 771, 1160, 138, 528, 277, 150, 1049, 1179, 548, 293, 1061, 295, 937, 1072, 1074, 314, 1085, 1090, 1218, 1220, 325, 326, 1093, 1096, 75, 331, 1229, 1102, 465, 84, 222, 94, 1247, 737, 1121, 998, 1257, 492, 365, 499, 888, 251, 1023}], 48: [{0, 521, 15, 1040, 23, 25, 1051, 1054, 1058, 1059, 36, 548, 1063, 1064, 557, 1070, 1073, 563, 1075, 565, 54, 1079, 1080, 570, 571, 1084, 1089, 1091, 581, 582, 1093, 1097, 75, 1099, 80, 81, 82, 595, 84, 1106, 86, 1107, 89, 601, 91, 94, 1123, 1126, 1128, 107, 108, 1134, 112, 1136, 1140, 1146, 127, 1152, 131, 644, 1161, 138, 650, 141, 144, 156, 1189, 166, 173, 174, 690, 1207, 184, 188, 194, 195, 196, 197, 1218, 1220, 1222, 1224, 202, 1229, 206, 216, 217, 1241, 1246, 1247, 226, 233, 1257, 1258, 1259, 239, 1268, 250, 253, 257, 258, 781, 786, 286, 287, 291, 307, 308, 310, 312, 314, 831, 325, 326, 328, 329, 331, 332, 333, 844, 864, 362, 379, 380, 382, 389, 398, 406, 411, 420, 424, 937, 427, 429, 434, 437, 440, 443, 972, 462, 465, 979, 471, 472, 474, 485, 487, 490, 492, 503, 1017, 510}, {0, 1152, 510, 1161, 781, 786, 406, 25, 1054, 287, 1058, 291, 36, 548, 1059, 1063, 1064, 937, 1189, 173, 1073, 434, 563, 308, 690, 1075, 1079, 312, 184, 314, 443, 1080, 1084, 1207, 831, 1218, 1091, 196, 325, 326, 1093, 1220, 1222, 1224, 1099, 332, 844, 972, 80, 81, 465, 472, 89, 474, 91, 1241, 1247, 864, 1123, 485, 1126, 487, 1128, 1257, 362, 490, 1140, 1017, 1146, 382, 127}, {1152, 325, 326, 485, 1128, 1224, 490, 1257, 332, 465, 1075, 472}, {325, 326, 1257, 490, 472}, {1257, 490, 325, 326}, {490, 325}, {490, 325}, {490}], 49: [{138, 526, 528, 23, 1049, 289, 291, 548, 1059, 38, 936, 173, 314, 190, 447, 319, 831, 450, 325, 326, 1096, 1230, 465, 602, 222, 1257, 1130, 113, 499, 251}, {289, 548, 325, 1257, 138, 1130, 173, 190, 222, 447}], 50: [{642, 904, 649, 138, 1160, 16, 17, 277, 153, 925, 288, 289, 673, 548, 293, 422, 295, 424, 676, 298, 1063, 1194, 429, 559, 434, 51, 308, 309, 439, 312, 314, 570, 62, 961, 194, 195, 579, 1090, 1093, 1097, 202, 75, 587, 334, 84, 469, 727, 216, 983, 475, 93, 608, 1126, 487, 105, 361, 490, 492, 365, 749, 1257, 497, 373, 247, 505, 379, 508}, {1160, 1257, 490, 75, 492, 84}], 51: [], 52: [{0, 521, 15, 1040, 23, 25, 1059, 548, 557, 1070, 1074, 1075, 565, 54, 571, 1089, 1091, 581, 582, 1097, 80, 82, 595, 84, 1107, 86, 601, 94, 107, 1134, 112, 131, 644, 138, 650, 141, 144, 156, 166, 173, 174, 188, 194, 197, 1224, 202, 216, 217, 226, 233, 1257, 1258, 1259, 239, 250, 253, 258, 286, 287, 291, 307, 308, 310, 312, 831, 325, 326, 328, 329, 331, 333, 353, 362, 379, 380, 406, 424, 427, 429, 437, 462, 465, 471, 490, 492}, {138, 406, 287, 291, 548, 1059, 166, 1075, 54, 1091, 202, 331, 462, 80, 465, 86, 1257, 362, 490, 250, 380}, {291, 1059, 1257, 202, 138, 362, 490, 80, 465, 1075, 380, 287}, {1059, 202, 490, 1257}, {202, 490}, {490}], 53: [], 54: []}
Total MEscore: 151
Time:  245.7068412990011
