Input file: tests/treefam.txt
Interval Limit: 4
Max number of converted speciations: -1
Output file: results/out_treefam_4_-1.csv


Running ILP model
Size of input data: n = 28 , m = 40520 , maxdup = 39246
Using license file /home/voronwe/gurobi.lic
Academic license - for non-commercial use only
Gurobi Optimizer version 9.0.1 build v9.0.1rc0 (linux64)
Optimize a model with 2582581 rows, 4748821 columns and 5050331 nonzeros
Model fingerprint: 0x2ccb5baa
Model has 29565 quadratic constraints
Model has 136567 general constraints
Variable types: 0 continuous, 4748821 integer (2433252 binary)
Coefficient statistics:
  Matrix range     [1e+00, 5e+01]
  QMatrix range    [1e+00, 1e+00]
  QLMatrix range   [1e+00, 1e+00]
  Objective range  [1e+00, 1e+00]
  Bounds range     [1e+00, 1e+00]
  RHS range        [1e+00, 5e+01]
Presolve removed 2571443 rows and 4666402 columns (presolve time = 6s) ...
Presolve removed 2778157 rows and 4794097 columns (presolve time = 10s) ...
Presolve removed 2390262 rows and 4595926 columns
Presolve time: 11.01s
Presolved: 342746 rows, 195422 columns, 980735 nonzeros
Variable types: 0 continuous, 195422 integer (154714 binary)
Found heuristic solution: objective 258.0000000
Found heuristic solution: objective 214.0000000

Deterministic concurrent LP optimizer: primal and dual simplex
Showing first log only...


Root simplex log...

Iteration    Objective       Primal Inf.    Dual Inf.      Time
       0    0.0000000e+00   1.252931e+04   2.378654e+10     18s
   40191    7.4701267e+01   0.000000e+00   4.616194e+01     20s
Concurrent spin time: 0.00s

Solved with dual simplex

Root relaxation: objective 6.931221e+01, 85456 iterations, 4.01 seconds
Total elapsed time = 21.68s

    Nodes    |    Current Node    |     Objective Bounds      |     Work
 Expl Unexpl |  Obj  Depth IntInf | Incumbent    BestBd   Gap | It/Node Time

     0     0   69.31221    0 3927  214.00000   69.31221  67.6%     -   25s
     0     0   70.96131    0 2754  214.00000   70.96131  66.8%     -   28s
H    0     0                     115.0000000   70.96131  38.3%     -   29s
H    0     0                      78.0000000   70.96131  9.02%     -   29s
     0     0   70.96541    0 2824   78.00000   70.96541  9.02%     -   30s
     0     0   71.92112    0 2130   78.00000   71.92112  7.79%     -   32s
H    0     0                      72.0000000   71.92112  0.11%     -   33s
     0     0   71.92112    0 2128   72.00000   71.92112  0.11%     -   33s

Cutting planes:
  Learned: 21
  Gomory: 16
  Cover: 1338
  Implied bound: 438
  Clique: 745
  MIR: 778
  StrongCG: 123
  Flow cover: 12
  GUB cover: 165
  Zero half: 71
  RLT: 94
  Relax-and-lift: 993

Explored 1 nodes (155516 simplex iterations) in 33.61 seconds
Thread count was 12 (of 12 available processors)

Solution count 5: 72 78 115 ... 258

Optimal solution found (tolerance 1.00e-04)
Best objective 7.200000000000e+01, best bound 7.200000000000e+01, gap 0.0000%
Gene tree support:
{0: [{0, 1, 2, 3, 4, 6, 7, 8, 9, 10, 11, 12, 13, 14, 15, 16, 17, 18, 19, 20, 22, 23, 24, 25, 27, 29, 30, 31, 32, 33, 34, 35, 37, 38, 39, 40, 41, 42, 43, 44, 45, 47, 50, 51, 52, 54, 55, 56, 57, 58, 59, 60, 61, 62, 63, 64, 65, 66, 67, 68, 69, 70, 71, 72, 73, 74, 75, 77, 78, 79, 80, 81, 82, 84, 85, 86, 88, 89, 90, 91, 92, 93, 94, 95, 96, 97, 99, 102, 104, 105, 106, 107, 108, 109, 110, 111, 112, 113, 114, 115, 116, 118, 119, 120, 121, 122, 123, 124, 125, 126, 127, 128, 129, 130, 131, 133, 134, 135, 136, 137, 138, 139, 140, 141, 142, 143, 144, 145, 146, 147, 148, 149, 150, 151, 152, 153, 154, 155, 156, 157, 158, 159, 161, 162, 163, 164, 165, 166, 167, 168, 169, 170, 171, 172, 173, 174, 175, 176, 177, 178, 179, 180, 181, 182, 183, 184, 185, 186, 187, 188, 189, 190, 191, 192, 193, 194, 196, 197, 198, 199, 200, 202, 203, 204, 205, 207, 208, 209, 210, 211, 216, 217, 218, 219, 220, 222, 223, 227, 228, 229, 232, 233, 234, 235, 236, 238, 239, 240, 241, 242, 243, 244, 245, 246, 247, 248, 249, 250, 251, 252, 253, 254, 255, 256, 257, 258, 259, 260, 261, 262, 263, 264, 265, 266, 267, 268, 269, 270, 271, 272, 273, 274, 275, 277, 278, 279, 280, 281, 282, 283, 284, 285, 287, 288, 289, 291, 292, 293, 294, 295, 296, 297, 298, 299, 300, 302, 303, 304, 306, 307, 308, 309, 310, 312, 314, 316, 317, 318, 319, 320, 321, 322, 323, 325, 326, 329, 330, 331, 332, 333, 336, 337, 339, 340, 341, 342, 344, 345, 347, 348, 349, 350, 351, 352, 353, 354, 355, 356, 357, 358, 359, 360, 361, 362, 363, 364, 365, 366, 367, 368, 369, 370, 371, 372, 373, 374, 375, 376, 377, 378, 379, 380, 381, 382, 383, 384, 385, 387, 388, 389, 390, 391, 392, 393, 394, 395, 397, 398, 399, 400, 401, 402, 403, 404, 405, 406, 407, 408, 409, 410, 411, 412, 413, 414, 415, 416, 417, 418, 419, 420, 421, 422, 423, 424, 425, 426, 427, 428, 429, 430, 431, 432, 433, 434, 435, 436, 437, 438, 439, 440, 441, 442, 443, 444, 446, 447, 449, 450, 451, 453, 454, 455, 456, 457, 458, 459, 460, 461, 462, 463, 464, 465, 466, 467, 468, 469, 470, 471, 472, 473, 474, 475, 478, 479, 481, 482, 483, 484, 485, 486, 487, 488, 489, 490, 491, 492, 493, 494, 495, 497, 498, 499, 500, 501, 502, 503, 504, 505, 506, 507, 508, 509, 510, 511, 519, 521, 522, 523, 525, 526, 527, 528, 529, 530, 532, 533, 534, 535, 536, 538, 539, 540, 541, 542, 543, 544, 546, 547, 548, 549, 550, 552, 553, 554, 555, 556, 557, 559, 561, 563, 564, 565, 566, 567, 568, 569, 570, 571, 572, 573, 574, 575, 577, 578, 579, 582, 583, 584, 585, 586, 587, 588, 589, 590, 591, 593, 594, 595, 597, 599, 601, 602, 603, 604, 605, 606, 607, 608, 609, 610, 611, 612, 613, 614, 615, 616, 617, 618, 619, 620, 621, 622, 623, 624, 625, 626, 627, 628, 629, 630, 631, 632, 633, 634, 635, 636, 637, 638, 639, 640, 641, 642, 643, 644, 645, 646, 647, 648, 649, 650, 651, 652, 653, 654, 655, 656, 657, 658, 659, 660, 661, 662, 663, 664, 665, 666, 667, 668, 669, 670, 671, 672, 673, 674, 675, 676, 677, 678, 679, 680, 681, 682, 683, 684, 685, 686, 687, 688, 689, 690, 691, 692, 693, 694, 695, 696, 697, 698, 699, 700, 701, 702, 703, 704, 705, 706, 707, 709, 710, 711, 712, 713, 714, 715, 716, 717, 718, 719, 720, 721, 722, 723, 724, 725, 726, 727, 728, 729, 730, 731, 732, 733, 734, 735, 736, 737, 738, 739, 740, 741, 742, 743, 744, 745, 746, 747, 748, 749, 750, 751, 752, 753, 754, 755, 756, 757, 758, 759, 760, 761, 762, 763, 764, 766, 767, 768, 769, 770, 771, 772, 773, 774, 775, 776, 777, 778, 779, 780, 781, 782, 783, 784, 785, 786, 787, 788, 789, 790, 791, 792, 793, 794, 795, 796, 797, 798, 799, 800, 801, 802, 803, 804, 805, 806, 807, 808, 809, 810, 811, 812, 813, 814, 815, 816, 817, 818, 819, 820, 821, 822, 823, 824, 825, 826, 827, 828, 829, 830, 831, 832, 833, 834, 835, 836, 837, 838, 839, 840, 841, 842, 843, 844, 845, 846, 847, 848, 849, 850, 851, 852, 853, 854, 855, 856, 857, 858, 859, 860, 861, 862, 863, 864, 865, 866, 867, 868, 869, 870, 871, 872, 873, 874, 875, 876, 877, 878, 879, 880, 881, 882, 883, 884, 885, 886, 887, 888, 889, 890, 891, 892, 893, 894, 895, 896, 897, 898, 899, 900, 901, 902, 903, 904, 905, 906, 907, 908, 909, 910, 911, 912, 913, 914, 915, 916, 917, 918, 919, 920, 921, 922, 923, 924, 925, 926, 927, 928, 929, 930, 931, 932, 933, 934, 935, 936, 937, 938, 939, 940, 941, 942, 944, 945, 946, 947, 948, 949, 950, 951, 952, 953, 954, 955, 956, 957, 958, 959, 960, 961, 962, 963, 964, 965, 966, 967, 968, 969, 970, 971, 972, 973, 974, 975, 976, 977, 978, 979, 980, 981, 982, 983, 984, 985, 986, 987, 988, 989, 990, 991, 992, 993, 994, 995, 996, 997, 998, 999, 1000, 1001, 1002, 1003, 1005, 1006, 1007, 1008, 1009, 1010, 1011, 1012, 1013, 1014, 1015, 1016, 1017, 1018, 1019, 1020, 1021, 1022, 1023, 1024, 1025, 1026, 1027, 1028, 1029, 1030, 1032, 1033, 1034, 1035, 1036, 1037, 1038, 1039, 1040, 1041, 1042, 1043, 1044, 1045, 1046, 1047, 1048, 1049, 1050, 1051, 1052, 1053, 1054, 1055, 1056, 1057, 1058, 1059, 1060, 1061, 1062, 1063, 1064, 1066, 1067, 1068, 1069, 1070, 1071, 1072, 1073, 1074, 1075, 1076, 1077, 1078, 1079, 1080, 1081, 1082, 1083, 1084, 1085, 1086, 1087, 1088, 1089, 1090, 1091, 1092, 1093, 1094, 1095, 1096, 1097, 1098, 1099, 1100, 1102, 1103, 1104, 1105, 1106, 1107, 1110, 1111, 1112, 1113, 1114, 1115, 1116, 1118, 1119, 1120, 1124, 1125, 1126, 1127, 1128, 1129, 1130, 1131, 1132, 1133, 1134, 1136, 1137, 1138, 1139, 1140, 1141, 1142, 1144, 1146, 1147, 1148, 1149, 1150, 1151, 1152, 1153, 1154, 1156, 1157, 1158, 1159, 1160, 1161, 1162, 1165, 1169, 1177, 1178, 1179, 1180, 1181, 1182, 1183, 1184, 1185, 1188, 1189, 1191, 1192, 1193, 1194, 1196, 1197, 1198, 1199, 1200, 1201, 1202, 1204, 1205, 1206, 1207, 1208, 1209, 1210, 1211, 1212, 1213, 1216, 1217, 1218, 1219, 1220, 1221, 1222, 1223, 1224, 1225, 1226, 1227, 1228, 1231, 1232, 1234, 1235, 1238, 1239, 1240, 1242, 1246, 1247, 1248, 1249, 1250, 1251, 1252, 1253, 1254, 1255, 1256, 1257, 1258, 1259, 1260, 1261, 1262, 1263, 1264, 1268, 1269, 1271, 1272}, {0, 1, 2, 3, 4, 6, 7, 9, 10, 11, 12, 13, 14, 15, 16, 17, 18, 19, 20, 22, 23, 24, 25, 27, 29, 30, 31, 32, 33, 34, 35, 37, 38, 40, 41, 42, 43, 44, 45, 50, 51, 52, 55, 57, 58, 59, 60, 61, 62, 63, 64, 65, 66, 68, 70, 71, 72, 73, 74, 75, 77, 78, 79, 80, 81, 82, 84, 85, 86, 88, 89, 90, 91, 92, 93, 94, 95, 96, 97, 104, 105, 107, 108, 109, 110, 111, 112, 113, 114, 115, 116, 118, 119, 120, 121, 123, 124, 126, 127, 128, 129, 130, 131, 134, 135, 138, 139, 140, 141, 142, 143, 144, 146, 147, 149, 150, 151, 153, 154, 155, 156, 157, 158, 159, 161, 162, 163, 164, 165, 166, 167, 168, 169, 170, 171, 172, 173, 174, 175, 176, 177, 178, 179, 180, 181, 182, 183, 184, 185, 186, 187, 188, 189, 190, 191, 192, 193, 194, 196, 199, 202, 203, 204, 207, 208, 209, 210, 211, 216, 217, 218, 219, 220, 222, 223, 227, 232, 233, 234, 235, 238, 239, 240, 241, 242, 243, 244, 245, 246, 247, 248, 249, 250, 251, 252, 253, 254, 255, 256, 257, 258, 259, 260, 261, 262, 263, 264, 265, 266, 267, 270, 271, 272, 273, 274, 275, 277, 278, 279, 280, 281, 282, 283, 284, 285, 287, 288, 289, 291, 292, 293, 294, 295, 296, 297, 298, 300, 302, 303, 304, 306, 307, 308, 309, 310, 312, 314, 316, 317, 318, 319, 325, 326, 329, 330, 331, 332, 333, 336, 337, 339, 341, 342, 345, 347, 348, 349, 351, 352, 353, 354, 355, 356, 357, 358, 359, 360, 361, 362, 363, 364, 365, 366, 367, 368, 369, 370, 372, 373, 374, 376, 377, 378, 380, 381, 382, 383, 384, 385, 387, 389, 390, 391, 392, 393, 394, 395, 398, 399, 400, 401, 402, 403, 404, 405, 406, 407, 408, 409, 410, 411, 412, 414, 415, 416, 418, 419, 420, 421, 422, 423, 424, 425, 426, 428, 429, 430, 431, 433, 434, 435, 437, 438, 439, 440, 441, 442, 443, 444, 446, 447, 450, 451, 455, 456, 457, 458, 460, 461, 462, 464, 465, 466, 467, 468, 469, 470, 471, 472, 473, 474, 475, 478, 479, 481, 482, 483, 484, 485, 487, 488, 489, 490, 491, 492, 494, 497, 498, 499, 500, 501, 502, 503, 505, 506, 507, 508, 509, 510, 511, 519, 521, 522, 523, 525, 527, 528, 529, 533, 534, 535, 536, 539, 540, 541, 542, 543, 544, 547, 548, 549, 550, 552, 553, 554, 555, 556, 557, 559, 563, 564, 565, 566, 567, 568, 569, 570, 571, 572, 573, 574, 577, 578, 579, 582, 583, 584, 585, 586, 587, 588, 589, 590, 593, 594, 595, 597, 599, 601, 602, 603, 604, 605, 606, 607, 608, 609, 610, 611, 612, 613, 614, 615, 616, 617, 618, 619, 621, 622, 623, 624, 625, 626, 627, 628, 629, 631, 632, 633, 634, 635, 637, 638, 639, 640, 641, 642, 643, 644, 645, 646, 647, 648, 649, 650, 651, 652, 653, 654, 655, 656, 657, 658, 659, 660, 661, 662, 663, 664, 665, 666, 667, 668, 669, 670, 671, 672, 673, 674, 675, 676, 677, 678, 679, 680, 681, 682, 683, 684, 685, 686, 687, 688, 689, 690, 691, 692, 693, 694, 695, 696, 697, 698, 699, 700, 701, 702, 703, 704, 705, 706, 707, 709, 710, 711, 712, 713, 714, 715, 716, 717, 718, 719, 720, 721, 722, 724, 725, 726, 727, 728, 729, 730, 731, 732, 733, 734, 735, 736, 737, 738, 739, 740, 741, 742, 743, 744, 745, 746, 747, 748, 749, 750, 751, 752, 753, 754, 755, 756, 757, 758, 759, 760, 761, 762, 763, 764, 766, 767, 768, 769, 770, 771, 772, 773, 775, 776, 777, 778, 779, 780, 781, 782, 783, 784, 785, 787, 788, 789, 790, 791, 792, 793, 794, 795, 797, 798, 799, 800, 801, 802, 803, 804, 805, 806, 807, 808, 809, 810, 811, 812, 813, 815, 816, 817, 818, 819, 820, 821, 822, 823, 824, 825, 826, 827, 828, 829, 830, 831, 832, 833, 834, 835, 836, 837, 838, 839, 840, 841, 842, 843, 844, 846, 847, 848, 849, 850, 851, 852, 853, 854, 855, 856, 857, 858, 859, 861, 862, 863, 864, 865, 866, 867, 868, 869, 870, 871, 872, 873, 874, 875, 876, 877, 878, 879, 880, 881, 882, 883, 884, 885, 886, 887, 888, 889, 890, 891, 892, 893, 894, 895, 896, 897, 898, 899, 900, 901, 902, 903, 904, 905, 906, 907, 908, 909, 910, 911, 912, 913, 914, 915, 916, 917, 918, 919, 920, 921, 922, 924, 925, 926, 927, 929, 930, 931, 932, 933, 934, 935, 936, 937, 938, 939, 940, 941, 942, 945, 946, 947, 948, 949, 950, 951, 952, 953, 954, 955, 956, 957, 958, 959, 960, 961, 962, 963, 964, 965, 966, 967, 968, 969, 970, 971, 972, 973, 974, 975, 976, 977, 978, 979, 980, 981, 982, 983, 984, 985, 986, 987, 988, 989, 990, 991, 992, 993, 994, 995, 996, 997, 998, 999, 1000, 1001, 1002, 1003, 1005, 1006, 1007, 1008, 1010, 1011, 1012, 1013, 1014, 1015, 1016, 1017, 1018, 1020, 1021, 1022, 1023, 1024, 1025, 1026, 1027, 1028, 1029, 1030, 1033, 1035, 1036, 1037, 1039, 1040, 1041, 1042, 1043, 1044, 1045, 1046, 1047, 1049, 1050, 1052, 1053, 1054, 1055, 1056, 1057, 1058, 1059, 1060, 1061, 1062, 1063, 1066, 1067, 1068, 1069, 1070, 1071, 1072, 1073, 1074, 1075, 1076, 1077, 1078, 1079, 1080, 1081, 1082, 1083, 1084, 1085, 1086, 1087, 1088, 1089, 1090, 1091, 1092, 1093, 1094, 1095, 1096, 1097, 1098, 1099, 1100, 1102, 1103, 1104, 1106, 1107, 1110, 1112, 1113, 1114, 1118, 1119, 1124, 1126, 1127, 1128, 1129, 1130, 1131, 1132, 1133, 1134, 1136, 1137, 1138, 1140, 1141, 1142, 1144, 1146, 1147, 1148, 1150, 1151, 1152, 1153, 1154, 1156, 1157, 1158, 1159, 1160, 1161, 1162, 1177, 1179, 1180, 1181, 1182, 1183, 1184, 1185, 1188, 1193, 1194, 1197, 1198, 1200, 1201, 1202, 1204, 1205, 1207, 1208, 1210, 1212, 1213, 1216, 1217, 1218, 1219, 1220, 1221, 1222, 1223, 1224, 1225, 1226, 1228, 1231, 1232, 1234, 1238, 1239, 1240, 1242, 1246, 1248, 1249, 1250, 1251, 1252, 1254, 1255, 1256, 1257, 1258, 1259, 1260, 1262, 1263, 1264, 1271, 1272}, {0, 1, 2, 3, 6, 7, 9, 10, 11, 12, 14, 16, 17, 18, 19, 20, 22, 23, 27, 29, 30, 31, 32, 33, 34, 35, 37, 38, 40, 41, 42, 43, 44, 45, 51, 52, 57, 59, 60, 62, 63, 64, 66, 68, 70, 71, 74, 75, 77, 78, 81, 82, 84, 85, 86, 89, 90, 91, 93, 94, 95, 96, 97, 105, 107, 108, 109, 110, 111, 113, 114, 116, 118, 119, 120, 121, 128, 129, 130, 138, 139, 140, 141, 143, 146, 147, 149, 150, 151, 153, 154, 155, 156, 159, 162, 163, 164, 165, 166, 167, 168, 169, 170, 171, 172, 173, 174, 175, 176, 177, 178, 179, 180, 182, 183, 184, 185, 186, 187, 188, 189, 190, 191, 192, 193, 194, 196, 199, 202, 203, 204, 207, 208, 210, 216, 217, 218, 220, 222, 223, 227, 232, 233, 234, 235, 238, 239, 240, 241, 242, 243, 244, 245, 246, 247, 248, 249, 250, 251, 252, 253, 254, 255, 257, 259, 260, 261, 262, 263, 264, 265, 266, 271, 272, 273, 274, 275, 277, 278, 279, 280, 281, 282, 283, 284, 285, 287, 288, 289, 291, 292, 293, 294, 295, 297, 298, 300, 302, 303, 304, 307, 308, 309, 310, 316, 317, 318, 319, 325, 326, 329, 330, 331, 332, 333, 336, 347, 348, 349, 352, 353, 354, 355, 357, 358, 359, 361, 362, 363, 364, 365, 366, 368, 369, 370, 372, 373, 374, 376, 378, 380, 381, 382, 383, 384, 385, 387, 389, 390, 391, 392, 393, 394, 395, 398, 400, 401, 402, 403, 404, 407, 408, 409, 410, 411, 414, 415, 416, 420, 421, 422, 423, 426, 430, 433, 435, 437, 438, 439, 440, 441, 442, 443, 444, 447, 455, 456, 457, 458, 460, 461, 462, 464, 465, 467, 468, 469, 472, 474, 475, 478, 479, 481, 483, 484, 485, 487, 488, 489, 490, 492, 497, 498, 499, 501, 502, 503, 506, 507, 509, 510, 521, 522, 523, 525, 527, 528, 533, 534, 535, 536, 539, 540, 544, 547, 548, 549, 552, 553, 554, 555, 556, 559, 563, 564, 565, 566, 568, 569, 571, 572, 582, 583, 584, 585, 586, 587, 588, 589, 590, 593, 594, 595, 597, 599, 601, 603, 604, 605, 606, 607, 608, 610, 611, 613, 614, 615, 616, 617, 618, 619, 623, 624, 625, 626, 627, 628, 629, 631, 632, 633, 635, 638, 639, 640, 641, 642, 643, 644, 645, 646, 647, 648, 649, 650, 651, 652, 653, 654, 655, 656, 657, 658, 659, 660, 661, 662, 663, 664, 665, 666, 667, 668, 669, 670, 671, 672, 673, 674, 675, 676, 677, 678, 679, 680, 681, 682, 683, 684, 685, 686, 687, 688, 689, 690, 691, 692, 693, 694, 695, 697, 698, 699, 700, 701, 702, 703, 704, 705, 706, 707, 709, 710, 711, 712, 713, 714, 715, 716, 717, 718, 719, 720, 721, 722, 724, 725, 726, 727, 728, 729, 730, 731, 732, 733, 734, 735, 736, 737, 738, 739, 740, 741, 742, 743, 744, 745, 746, 748, 749, 750, 751, 753, 754, 755, 756, 757, 758, 759, 760, 761, 762, 763, 767, 768, 769, 771, 772, 773, 775, 777, 778, 779, 780, 781, 782, 784, 787, 788, 789, 791, 792, 793, 794, 795, 797, 798, 799, 800, 801, 802, 803, 804, 805, 806, 810, 813, 816, 818, 820, 821, 822, 823, 824, 825, 826, 827, 828, 829, 830, 832, 833, 834, 835, 836, 837, 838, 839, 840, 841, 842, 844, 846, 848, 849, 850, 851, 852, 853, 854, 856, 857, 858, 859, 861, 862, 866, 868, 869, 870, 871, 874, 875, 876, 878, 879, 880, 881, 883, 884, 886, 887, 888, 890, 891, 892, 893, 894, 895, 898, 900, 902, 903, 904, 905, 906, 907, 909, 910, 911, 913, 914, 916, 918, 919, 920, 921, 924, 925, 926, 929, 930, 931, 932, 933, 934, 935, 938, 939, 941, 945, 946, 947, 948, 949, 950, 951, 952, 953, 955, 956, 957, 958, 959, 960, 962, 964, 965, 966, 967, 969, 971, 972, 973, 975, 976, 977, 978, 982, 983, 984, 986, 988, 990, 991, 993, 995, 999, 1000, 1001, 1002, 1003, 1005, 1007, 1010, 1011, 1013, 1014, 1015, 1018, 1020, 1022, 1023, 1024, 1025, 1026, 1027, 1028, 1029, 1030, 1033, 1035, 1036, 1037, 1039, 1040, 1041, 1042, 1046, 1047, 1049, 1050, 1052, 1053, 1054, 1055, 1056, 1057, 1058, 1059, 1060, 1061, 1062, 1063, 1067, 1068, 1069, 1070, 1071, 1072, 1073, 1074, 1075, 1076, 1077, 1078, 1079, 1080, 1081, 1082, 1083, 1084, 1085, 1086, 1088, 1089, 1090, 1093, 1096, 1097, 1098, 1099, 1100, 1102, 1103, 1104, 1110, 1112, 1113, 1114, 1118, 1119, 1126, 1127, 1128, 1129, 1130, 1132, 1133, 1134, 1136, 1137, 1142, 1146, 1147, 1148, 1150, 1151, 1152, 1153, 1156, 1158, 1159, 1179, 1180, 1183, 1184, 1194, 1197, 1198, 1200, 1201, 1213, 1216, 1217, 1218, 1219, 1220, 1221, 1222, 1223, 1224, 1225, 1226, 1228, 1231, 1232, 1234, 1238, 1240, 1246, 1248, 1250, 1251, 1252, 1254, 1255, 1256, 1257, 1258, 1259, 1263, 1264, 1271, 1272}, {0, 2, 3, 6, 7, 9, 10, 11, 12, 14, 17, 18, 19, 20, 23, 27, 29, 30, 31, 32, 34, 35, 37, 40, 41, 43, 44, 45, 51, 52, 57, 59, 62, 66, 68, 70, 71, 74, 75, 77, 78, 81, 82, 84, 85, 86, 89, 90, 91, 93, 94, 95, 96, 97, 105, 107, 108, 114, 116, 118, 119, 120, 121, 129, 130, 138, 141, 149, 150, 151, 153, 154, 155, 156, 162, 164, 165, 167, 170, 172, 173, 174, 175, 176, 178, 179, 180, 183, 184, 185, 186, 187, 188, 189, 190, 191, 192, 193, 194, 196, 202, 203, 204, 207, 208, 210, 216, 217, 218, 220, 222, 223, 227, 232, 233, 234, 238, 239, 240, 241, 242, 243, 244, 245, 246, 247, 248, 249, 250, 251, 252, 253, 254, 255, 257, 259, 260, 261, 262, 263, 264, 265, 266, 272, 273, 274, 277, 278, 279, 281, 284, 285, 287, 288, 289, 291, 292, 293, 294, 295, 297, 298, 303, 304, 308, 309, 310, 316, 317, 318, 319, 325, 326, 330, 331, 332, 333, 336, 347, 348, 353, 354, 355, 357, 358, 359, 361, 362, 363, 365, 366, 368, 370, 372, 373, 374, 376, 380, 381, 382, 384, 385, 387, 389, 391, 392, 393, 394, 395, 398, 401, 403, 404, 407, 408, 409, 410, 411, 414, 416, 420, 421, 422, 423, 435, 437, 438, 439, 440, 441, 443, 444, 447, 456, 462, 464, 465, 468, 469, 472, 474, 475, 478, 479, 481, 484, 485, 487, 488, 490, 497, 499, 501, 502, 503, 506, 507, 509, 510, 521, 523, 525, 527, 528, 533, 534, 536, 539, 540, 544, 547, 548, 549, 553, 555, 556, 559, 563, 565, 566, 569, 571, 572, 582, 583, 584, 585, 586, 587, 588, 589, 590, 593, 594, 595, 597, 599, 601, 603, 604, 605, 607, 608, 610, 613, 614, 616, 617, 618, 623, 624, 625, 627, 628, 629, 631, 632, 635, 639, 640, 641, 642, 643, 644, 645, 646, 647, 648, 649, 650, 653, 654, 655, 656, 659, 660, 661, 662, 663, 665, 666, 667, 668, 669, 670, 671, 672, 673, 675, 676, 677, 679, 681, 682, 683, 684, 685, 686, 687, 688, 689, 690, 692, 693, 694, 695, 697, 699, 700, 701, 702, 703, 704, 705, 706, 707, 709, 712, 713, 714, 715, 716, 717, 718, 719, 720, 721, 722, 724, 725, 726, 727, 730, 731, 732, 733, 734, 735, 737, 738, 739, 740, 741, 742, 743, 744, 745, 746, 748, 749, 750, 751, 753, 754, 757, 758, 760, 761, 762, 763, 767, 768, 769, 771, 772, 773, 775, 777, 779, 780, 781, 784, 787, 789, 791, 792, 794, 797, 798, 799, 801, 802, 803, 804, 805, 806, 810, 813, 818, 820, 821, 822, 823, 824, 825, 826, 827, 828, 829, 832, 833, 834, 835, 836, 837, 838, 839, 840, 841, 844, 846, 849, 850, 853, 854, 857, 858, 861, 862, 866, 868, 869, 870, 874, 875, 876, 878, 879, 881, 883, 884, 888, 890, 891, 892, 893, 894, 895, 900, 902, 903, 906, 907, 909, 910, 911, 913, 914, 916, 919, 920, 925, 926, 929, 931, 932, 933, 934, 935, 938, 939, 941, 946, 947, 948, 950, 951, 952, 953, 955, 956, 958, 966, 967, 969, 971, 973, 975, 977, 978, 982, 983, 984, 990, 991, 993, 995, 1001, 1002, 1005, 1007, 1010, 1011, 1013, 1014, 1015, 1020, 1023, 1024, 1026, 1027, 1028, 1029, 1030, 1033, 1035, 1037, 1039, 1040, 1041, 1042, 1046, 1049, 1050, 1052, 1054, 1055, 1056, 1057, 1058, 1059, 1060, 1061, 1067, 1068, 1069, 1070, 1071, 1072, 1074, 1075, 1076, 1077, 1078, 1079, 1080, 1081, 1082, 1083, 1084, 1085, 1086, 1088, 1089, 1090, 1093, 1096, 1097, 1098, 1099, 1100, 1102, 1103, 1104, 1110, 1112, 1113, 1114, 1118, 1119, 1126, 1127, 1128, 1129, 1130, 1132, 1133, 1136, 1137, 1142, 1146, 1150, 1151, 1152, 1156, 1158, 1159, 1179, 1180, 1183, 1197, 1198, 1201, 1213, 1216, 1217, 1218, 1220, 1224, 1225, 1226, 1228, 1234, 1238, 1246, 1250, 1251, 1252, 1254, 1255, 1256, 1257, 1259, 1263, 1264, 1271, 1272}, {0, 2, 14, 18, 19, 27, 29, 30, 31, 34, 37, 40, 44, 45, 57, 59, 68, 71, 74, 75, 77, 78, 81, 82, 86, 89, 90, 91, 93, 94, 95, 96, 97, 105, 107, 108, 114, 119, 120, 121, 129, 130, 138, 141, 149, 150, 155, 156, 162, 164, 165, 167, 180, 183, 188, 189, 192, 193, 194, 196, 203, 204, 207, 208, 216, 217, 222, 223, 227, 232, 233, 234, 238, 240, 243, 244, 245, 246, 247, 248, 249, 254, 255, 257, 260, 262, 263, 265, 273, 274, 277, 278, 284, 285, 287, 288, 291, 292, 293, 295, 297, 298, 304, 310, 316, 317, 325, 326, 330, 332, 333, 336, 348, 353, 354, 355, 358, 359, 361, 362, 363, 365, 366, 370, 373, 376, 380, 381, 387, 389, 392, 393, 395, 398, 401, 403, 404, 407, 408, 410, 420, 421, 423, 435, 437, 438, 439, 440, 443, 444, 447, 456, 462, 464, 465, 468, 469, 472, 474, 478, 479, 481, 484, 485, 487, 490, 497, 499, 502, 503, 509, 510, 521, 523, 528, 533, 534, 536, 548, 549, 553, 559, 563, 566, 569, 571, 572, 583, 584, 585, 586, 587, 590, 594, 595, 597, 603, 604, 607, 608, 614, 625, 631, 632, 641, 642, 644, 647, 648, 649, 654, 655, 656, 659, 660, 661, 662, 663, 665, 667, 668, 669, 672, 675, 676, 684, 686, 687, 689, 692, 693, 695, 699, 700, 701, 702, 703, 704, 705, 706, 714, 716, 718, 719, 720, 721, 722, 724, 725, 731, 733, 734, 735, 737, 738, 739, 741, 743, 744, 746, 748, 749, 750, 751, 757, 758, 760, 762, 767, 768, 769, 771, 772, 773, 775, 777, 784, 787, 789, 791, 794, 797, 798, 799, 803, 810, 818, 821, 823, 824, 825, 826, 827, 829, 832, 833, 834, 835, 836, 840, 844, 850, 858, 869, 874, 878, 879, 881, 883, 888, 892, 893, 894, 895, 902, 911, 913, 919, 920, 925, 932, 935, 938, 939, 941, 946, 947, 950, 951, 952, 955, 956, 967, 969, 973, 975, 977, 978, 982, 1001, 1005, 1010, 1014, 1015, 1020, 1026, 1027, 1028, 1029, 1033, 1035, 1040, 1041, 1042, 1046, 1050, 1052, 1054, 1055, 1056, 1057, 1058, 1059, 1060, 1061, 1067, 1068, 1071, 1072, 1074, 1077, 1078, 1080, 1083, 1084, 1085, 1086, 1088, 1089, 1090, 1093, 1098, 1099, 1102, 1103, 1104, 1112, 1113, 1114, 1118, 1119, 1127, 1128, 1129, 1130, 1132, 1133, 1136, 1137, 1146, 1150, 1152, 1158, 1159, 1180, 1198, 1201, 1216, 1217, 1224, 1234, 1238, 1250, 1251, 1252, 1255, 1257, 1263, 1264, 1271, 1272}, {0, 1027, 523, 14, 1041, 19, 534, 536, 548, 44, 57, 59, 572, 1084, 1090, 1093, 583, 74, 587, 77, 590, 1103, 1104, 81, 82, 1112, 89, 90, 1114, 95, 96, 97, 105, 1129, 107, 1132, 1133, 1146, 1152, 129, 1158, 141, 1180, 675, 693, 699, 193, 194, 705, 196, 204, 207, 208, 720, 1234, 1238, 216, 217, 735, 1250, 1251, 1252, 744, 1257, 748, 1264, 767, 768, 263, 265, 273, 277, 291, 295, 298, 821, 823, 835, 326, 330, 332, 333, 353, 354, 355, 358, 361, 362, 363, 366, 370, 380, 381, 894, 387, 389, 392, 393, 395, 398, 913, 403, 407, 408, 919, 410, 435, 438, 440, 443, 444, 456, 462, 465, 977, 468, 474, 478, 479, 481, 484, 485, 490, 502, 1020}, {0, 768, 387, 1027, 389, 392, 395, 141, 14, 398, 19, 277, 534, 407, 408, 536, 410, 291, 548, 298, 59, 443, 1084, 194, 1090, 196, 326, 456, 330, 204, 77, 332, 207, 208, 81, 82, 333, 462, 465, 468, 590, 216, 720, 474, 1112, 1238, 478, 479, 735, 355, 484, 358, 105, 361, 362, 363, 490, 748, 1132, 1133, 1257, 370, 1264, 380, 381, 767}, {0, 387, 389, 392, 141, 14, 398, 19, 534, 536, 410, 291, 548, 298, 59, 443, 1084, 194, 1090, 326, 456, 330, 332, 333, 462, 207, 590, 82, 468, 1238, 474, 478, 735, 484, 105, 1257, 363, 748, 1132, 1264, 370, 380, 381, 767}, {387, 389, 392, 398, 19, 534, 536, 548, 298, 59, 1084, 194, 1090, 326, 456, 330, 332, 82, 468, 478, 735, 484, 105, 1257, 748, 1132, 1264, 370, 380}, {389, 398, 534, 536, 548, 298, 59, 1084, 194, 1090, 326, 332, 82, 468, 735, 105, 1257, 748, 1132}, {548, 389, 326, 298, 1132, 398, 82, 468, 536, 59, 1084}, {326}], 1: [{0, 1, 2, 3, 4, 6, 9, 10, 11, 13, 14, 15, 16, 17, 19, 20, 23, 24, 26, 29, 30, 31, 32, 34, 35, 37, 38, 40, 43, 45, 46, 48, 52, 56, 57, 58, 59, 60, 61, 64, 65, 66, 68, 69, 70, 73, 77, 81, 82, 84, 85, 86, 88, 90, 91, 92, 93, 94, 96, 97, 104, 105, 107, 108, 109, 110, 111, 112, 114, 116, 118, 119, 121, 123, 124, 127, 129, 130, 131, 134, 136, 138, 141, 143, 149, 150, 151, 152, 153, 154, 155, 164, 165, 169, 170, 171, 173, 174, 175, 177, 178, 180, 181, 183, 184, 186, 187, 189, 191, 193, 194, 196, 198, 199, 200, 202, 207, 208, 209, 210, 212, 216, 217, 218, 219, 220, 222, 227, 232, 233, 234, 237, 238, 240, 242, 243, 244, 245, 246, 250, 253, 254, 255, 256, 257, 258, 259, 260, 261, 262, 264, 265, 267, 268, 269, 270, 274, 275, 277, 279, 280, 281, 282, 284, 285, 291, 292, 293, 295, 298, 300, 302, 303, 308, 316, 318, 320, 321, 322, 325, 326, 327, 328, 330, 333, 334, 335, 336, 337, 338, 342, 344, 347, 350, 357, 359, 360, 361, 362, 363, 366, 367, 368, 370, 371, 372, 373, 374, 376, 377, 378, 380, 382, 383, 384, 387, 388, 389, 392, 393, 395, 398, 399, 400, 401, 402, 403, 404, 405, 406, 408, 409, 410, 411, 412, 413, 416, 420, 423, 425, 428, 430, 431, 432, 435, 437, 438, 439, 440, 442, 443, 445, 446, 447, 449, 450, 452, 453, 456, 458, 459, 461, 462, 463, 464, 465, 466, 469, 470, 471, 472, 474, 475, 477, 478, 479, 481, 483, 484, 485, 487, 489, 492, 498, 499, 500, 501, 502, 503, 504, 505, 507, 509, 510, 511, 521, 525, 526, 528, 529, 532, 533, 534, 536, 538, 539, 540, 541, 543, 544, 548, 549, 553, 556, 557, 558, 561, 563, 566, 567, 571, 575, 577, 578, 584, 585, 586, 587, 588, 590, 593, 594, 597, 601, 603, 604, 605, 607, 608, 609, 613, 617, 619, 621, 624, 625, 627, 628, 629, 631, 633, 635, 637, 639, 640, 641, 642, 643, 645, 646, 647, 649, 651, 652, 653, 655, 656, 658, 660, 661, 662, 663, 666, 667, 668, 669, 670, 675, 676, 677, 679, 680, 681, 682, 683, 684, 685, 686, 687, 688, 689, 690, 692, 693, 694, 696, 699, 700, 701, 702, 703, 706, 707, 709, 710, 711, 712, 714, 715, 716, 718, 719, 721, 722, 724, 728, 730, 731, 732, 733, 734, 738, 739, 741, 742, 744, 746, 747, 748, 749, 750, 751, 752, 753, 754, 757, 759, 762, 763, 767, 768, 769, 772, 773, 776, 778, 780, 781, 783, 784, 785, 787, 788, 789, 790, 792, 794, 795, 797, 798, 800, 804, 805, 806, 808, 810, 811, 812, 813, 815, 817, 819, 820, 822, 823, 824, 825, 826, 828, 829, 831, 832, 833, 834, 835, 837, 838, 839, 840, 841, 843, 850, 854, 855, 856, 857, 858, 859, 862, 864, 865, 870, 871, 872, 873, 875, 877, 878, 879, 880, 881, 882, 883, 884, 885, 886, 888, 889, 890, 891, 892, 896, 897, 899, 900, 901, 902, 903, 904, 905, 906, 908, 909, 912, 913, 914, 915, 918, 920, 921, 922, 923, 924, 925, 926, 929, 930, 933, 939, 941, 942, 945, 946, 947, 948, 949, 950, 951, 952, 953, 954, 955, 958, 961, 965, 966, 967, 968, 969, 971, 974, 975, 977, 978, 979, 981, 983, 985, 988, 990, 991, 992, 994, 995, 996, 997, 998, 1001, 1003, 1005, 1006, 1008, 1010, 1011, 1012, 1013, 1014, 1015, 1016, 1019, 1021, 1023, 1025, 1026, 1027, 1028, 1029, 1030, 1036, 1037, 1039, 1040, 1041, 1043, 1045, 1046, 1047, 1049, 1050, 1052, 1054, 1058, 1063, 1065, 1066, 1067, 1068, 1071, 1072, 1074, 1075, 1079, 1080, 1081, 1082, 1083, 1084, 1085, 1086, 1087, 1088, 1089, 1090, 1091, 1092, 1094, 1099, 1100, 1101, 1102, 1103, 1106, 1109, 1111, 1112, 1113, 1114, 1115, 1123, 1127, 1128, 1129, 1132, 1136, 1137, 1139, 1144, 1146, 1147, 1148, 1149, 1152, 1153, 1157, 1158, 1159, 1161, 1162, 1165, 1166, 1168, 1169, 1171, 1172, 1178, 1179, 1184, 1187, 1189, 1191, 1193, 1194, 1196, 1197, 1198, 1199, 1202, 1204, 1205, 1208, 1209, 1210, 1211, 1212, 1213, 1216, 1217, 1219, 1221, 1224, 1225, 1226, 1227, 1229, 1231, 1232, 1234, 1238, 1239, 1240, 1242, 1246, 1247, 1248, 1250, 1251, 1252, 1253, 1254, 1257, 1258, 1259, 1261, 1262, 1264, 1267, 1268, 1269, 1270, 1271}], 2: [{1, 1158, 14, 273, 19, 277, 534, 536, 285, 548, 681, 298, 59, 194, 1090, 196, 326, 330, 1099, 77, 590, 975, 720, 81, 82, 468, 735, 358, 105, 1257, 363, 366, 370, 116, 1023}, {1, 1158, 14, 273, 277, 534, 536, 285, 548, 681, 298, 59, 1090, 326, 330, 1099, 77, 975, 720, 81, 468, 735, 358, 105, 1257, 363, 366, 116, 1023}, {1, 326, 1158, 681, 298, 330, 77, 14, 81, 273, 116, 468, 534, 59, 285}, {326, 298, 330, 77, 81}, {298, 326}, {326}], 3: [{0, 1, 3, 4, 6, 7, 9, 10, 11, 12, 13, 14, 15, 18, 20, 22, 23, 24, 25, 26, 27, 28, 29, 30, 32, 34, 35, 38, 39, 40, 43, 44, 45, 46, 48, 50, 51, 52, 54, 55, 56, 57, 58, 59, 60, 61, 64, 65, 66, 67, 68, 69, 70, 72, 73, 74, 75, 77, 78, 79, 80, 81, 82, 83, 84, 85, 86, 88, 90, 91, 92, 93, 94, 95, 96, 101, 102, 104, 105, 106, 107, 108, 109, 110, 111, 112, 113, 114, 115, 116, 118, 119, 120, 121, 123, 124, 125, 129, 130, 131, 134, 135, 136, 137, 138, 139, 141, 142, 143, 144, 145, 146, 147, 148, 149, 150, 151, 152, 153, 154, 155, 156, 157, 161, 163, 164, 165, 166, 167, 168, 170, 171, 172, 173, 174, 175, 176, 177, 178, 179, 180, 181, 182, 183, 184, 185, 186, 187, 188, 189, 190, 191, 192, 193, 194, 196, 197, 198, 199, 200, 201, 202, 203, 204, 207, 208, 209, 211, 212, 213, 216, 217, 218, 219, 220, 221, 222, 228, 231, 232, 233, 234, 235, 237, 238, 239, 240, 241, 242, 243, 244, 245, 246, 247, 248, 251, 252, 253, 254, 255, 256, 257, 258, 259, 260, 261, 263, 264, 265, 266, 267, 268, 269, 270, 272, 273, 274, 275, 276, 277, 278, 279, 280, 281, 282, 284, 285, 286, 287, 288, 289, 291, 292, 293, 294, 295, 297, 298, 300, 302, 303, 304, 306, 307, 308, 310, 312, 314, 315, 316, 317, 319, 320, 321, 322, 325, 326, 328, 330, 331, 332, 333, 334, 335, 336, 337, 338, 339, 340, 341, 342, 344, 345, 347, 348, 349, 350, 351, 352, 353, 354, 357, 358, 359, 360, 361, 362, 363, 364, 365, 366, 367, 368, 369, 370, 371, 372, 373, 374, 376, 377, 378, 380, 381, 382, 383, 384, 385, 387, 388, 389, 390, 391, 392, 393, 394, 395, 397, 398, 399, 400, 401, 403, 404, 405, 406, 407, 408, 409, 410, 411, 412, 413, 414, 415, 416, 417, 419, 420, 421, 423, 425, 426, 427, 428, 429, 430, 431, 432, 433, 434, 435, 436, 437, 438, 439, 440, 442, 443, 446, 447, 450, 451, 452, 453, 454, 455, 456, 457, 458, 460, 461, 462, 464, 465, 466, 468, 469, 470, 471, 472, 473, 474, 475, 477, 478, 479, 481, 482, 483, 484, 485, 486, 487, 488, 489, 490, 491, 492, 493, 494, 495, 497, 498, 499, 501, 502, 503, 504, 505, 506, 507, 508, 510, 511, 512, 517, 519, 521, 522, 523, 525, 526, 527, 528, 529, 530, 532, 533, 534, 536, 539, 540, 543, 544, 546, 547, 548, 549, 550, 552, 553, 554, 555, 556, 557, 558, 559, 560, 561, 562, 563, 564, 565, 566, 567, 569, 570, 571, 572, 573, 574, 575, 577, 578, 579, 582, 583, 584, 585, 586, 587, 588, 589, 590, 591, 593, 594, 595, 596, 597, 598, 599, 600, 601, 602, 603, 604, 605, 607, 608, 609, 610, 611, 612, 613, 614, 615, 617, 618, 619, 621, 622, 624, 625, 626, 627, 628, 629, 630, 631, 632, 633, 635, 637, 639, 640, 641, 642, 643, 644, 645, 646, 647, 649, 650, 651, 652, 653, 655, 658, 660, 661, 662, 663, 664, 665, 666, 667, 668, 669, 670, 672, 673, 676, 677, 679, 680, 681, 682, 683, 684, 685, 686, 687, 688, 689, 690, 691, 692, 693, 694, 695, 696, 699, 701, 702, 704, 705, 706, 707, 709, 710, 711, 712, 713, 714, 715, 716, 719, 720, 721, 722, 724, 725, 726, 727, 728, 729, 730, 731, 733, 734, 735, 737, 738, 739, 740, 741, 742, 743, 745, 746, 747, 748, 749, 750, 751, 752, 753, 754, 757, 758, 759, 760, 762, 763, 766, 767, 768, 769, 771, 772, 773, 775, 776, 777, 778, 783, 784, 785, 786, 787, 788, 789, 790, 791, 792, 794, 795, 796, 797, 798, 799, 800, 801, 802, 804, 805, 807, 808, 809, 811, 812, 813, 814, 815, 817, 818, 819, 820, 821, 822, 823, 824, 825, 826, 827, 828, 829, 830, 831, 832, 833, 835, 836, 838, 839, 840, 841, 843, 844, 848, 849, 850, 851, 852, 854, 855, 856, 857, 858, 859, 861, 863, 864, 865, 866, 867, 868, 869, 870, 871, 872, 873, 874, 875, 877, 878, 879, 880, 881, 883, 884, 885, 886, 887, 888, 889, 890, 891, 892, 893, 894, 896, 897, 898, 899, 900, 901, 902, 904, 906, 907, 908, 909, 910, 911, 912, 913, 914, 915, 919, 920, 921, 922, 923, 924, 925, 927, 928, 929, 930, 932, 933, 934, 935, 936, 937, 938, 939, 940, 942, 943, 944, 945, 946, 947, 948, 949, 950, 952, 954, 955, 958, 959, 960, 961, 963, 965, 966, 967, 968, 969, 970, 971, 972, 973, 974, 975, 976, 977, 978, 979, 980, 981, 982, 983, 984, 985, 987, 988, 989, 990, 992, 993, 994, 995, 996, 997, 998, 999, 1000, 1001, 1002, 1003, 1005, 1006, 1007, 1008, 1009, 1010, 1011, 1012, 1013, 1014, 1015, 1017, 1018, 1021, 1024, 1025, 1026, 1027, 1028, 1029, 1030, 1035, 1036, 1037, 1040, 1042, 1043, 1044, 1045, 1046, 1047, 1048, 1049, 1050, 1051, 1052, 1054, 1055, 1056, 1057, 1058, 1059, 1060, 1061, 1062, 1063, 1064, 1065, 1066, 1067, 1068, 1069, 1070, 1071, 1072, 1073, 1074, 1075, 1076, 1077, 1078, 1079, 1080, 1081, 1082, 1083, 1084, 1085, 1086, 1087, 1088, 1089, 1090, 1091, 1092, 1093, 1095, 1096, 1098, 1099, 1100, 1101, 1102, 1103, 1104, 1105, 1106, 1107, 1109, 1110, 1111, 1112, 1113, 1114, 1115, 1116, 1117, 1118, 1119, 1120, 1121, 1122, 1123, 1124, 1125, 1126, 1127, 1128, 1129, 1130, 1131, 1132, 1133, 1135, 1136, 1137, 1139, 1140, 1141, 1146, 1147, 1148, 1150, 1151, 1152, 1153, 1154, 1156, 1157, 1158, 1159, 1160, 1161, 1162, 1165, 1166, 1168, 1169, 1171, 1173, 1174, 1175, 1176, 1177, 1178, 1179, 1180, 1181, 1182, 1183, 1184, 1185, 1186, 1188, 1189, 1191, 1192, 1193, 1194, 1195, 1196, 1197, 1198, 1199, 1200, 1201, 1202, 1203, 1204, 1205, 1206, 1207, 1208, 1209, 1210, 1211, 1212, 1213, 1216, 1217, 1218, 1219, 1220, 1221, 1222, 1223, 1224, 1225, 1226, 1227, 1228, 1229, 1230, 1231, 1232, 1233, 1234, 1238, 1239, 1240, 1241, 1242, 1244, 1246, 1247, 1248, 1249, 1250, 1251, 1252, 1253, 1254, 1255, 1256, 1257, 1259, 1260, 1261, 1262, 1263, 1264, 1265, 1267, 1268, 1269, 1270, 1271, 1272, 1273}, {1, 3, 4, 6, 7, 11, 13, 14, 15, 18, 20, 24, 32, 35, 38, 39, 45, 48, 51, 52, 54, 55, 56, 57, 58, 59, 65, 66, 67, 73, 75, 77, 80, 81, 82, 83, 85, 86, 96, 104, 108, 116, 118, 129, 134, 138, 139, 141, 151, 153, 154, 163, 166, 176, 179, 180, 185, 188, 193, 196, 197, 198, 199, 200, 203, 207, 208, 209, 212, 216, 217, 219, 220, 237, 239, 253, 258, 263, 264, 265, 266, 268, 269, 272, 273, 276, 277, 281, 282, 284, 289, 291, 292, 298, 306, 308, 310, 312, 315, 320, 321, 326, 328, 330, 331, 332, 333, 334, 336, 337, 339, 341, 342, 344, 345, 347, 350, 351, 353, 354, 359, 361, 362, 363, 365, 370, 371, 380, 385, 387, 389, 393, 395, 397, 398, 400, 405, 407, 408, 409, 410, 411, 412, 419, 421, 425, 426, 427, 429, 430, 433, 434, 435, 436, 437, 438, 439, 440, 443, 447, 450, 451, 452, 455, 456, 457, 461, 462, 464, 465, 468, 469, 471, 472, 475, 477, 478, 481, 482, 484, 485, 488, 489, 490, 494, 497, 498, 499, 502, 503, 505, 506, 510, 512, 517, 522, 523, 526, 527, 529, 532, 534, 536, 547, 548, 549, 550, 552, 554, 555, 556, 557, 558, 559, 561, 562, 563, 564, 565, 567, 570, 571, 574, 577, 578, 579, 582, 583, 584, 585, 586, 587, 588, 589, 591, 595, 597, 599, 600, 602, 607, 609, 610, 615, 618, 644, 647, 650, 662, 672, 673, 680, 714, 726, 727, 734, 742, 743, 745, 747, 748, 758, 760, 762, 766, 775, 777, 783, 786, 788, 794, 796, 801, 802, 814, 817, 829, 830, 836, 841, 850, 861, 863, 864, 868, 883, 888, 904, 912, 913, 921, 923, 925, 930, 932, 933, 934, 936, 944, 948, 949, 954, 960, 970, 975, 979, 980, 988, 989, 1002, 1024, 1025, 1027, 1040, 1042, 1043, 1044, 1046, 1048, 1050, 1054, 1058, 1060, 1064, 1067, 1069, 1070, 1073, 1080, 1081, 1082, 1083, 1090, 1091, 1092, 1102, 1104, 1106, 1107, 1110, 1112, 1113, 1114, 1115, 1120, 1121, 1122, 1123, 1129, 1130, 1132, 1135, 1136, 1137, 1139, 1146, 1147, 1152, 1154, 1156, 1157, 1158, 1160, 1175, 1179, 1180, 1181, 1183, 1184, 1185, 1189, 1192, 1193, 1196, 1199, 1202, 1203, 1204, 1205, 1206, 1207, 1208, 1211, 1212, 1213, 1216, 1217, 1218, 1219, 1220, 1221, 1222, 1223, 1224, 1225, 1226, 1228, 1230, 1231, 1232, 1233, 1234, 1238, 1239, 1241, 1242, 1246, 1247, 1248, 1250, 1251, 1252, 1253, 1254, 1255, 1257, 1259, 1260, 1261, 1264, 1270, 1271, 1273}, {129, 385, 389, 1223, 395, 268, 14, 1225, 534, 1179, 547, 548, 1189, 166, 1228, 298, 554, 555, 556, 1070, 1230, 434, 1231, 180, 54, 1232, 315, 59, 571, 1212, 577, 66, 980, 1217, 1218, 326, 1220, 328, 584, 330, 587, 332, 1221, 462, 207, 80, 81, 82, 209, 339, 85, 595, 471, 216, 217, 344, 475, 602, 477, 1110, 1112, 864, 1239, 1242, 1247, 1252, 485, 748, 365, 1132, 1264, 1137, 1270, 503, 1273, 1271}], 4: [], 5: [], 6: [], 7: [{0, 1, 2, 3, 4, 5, 6, 7, 9, 10, 11, 12, 13, 14, 15, 16, 17, 18, 20, 21, 22, 23, 24, 25, 26, 27, 29, 31, 32, 35, 37, 38, 43, 44, 45, 47, 48, 49, 51, 55, 56, 57, 58, 60, 61, 62, 65, 66, 67, 70, 71, 73, 74, 75, 77, 78, 79, 80, 81, 82, 83, 84, 85, 86, 88, 90, 91, 92, 93, 94, 95, 96, 97, 101, 102, 104, 105, 107, 108, 109, 111, 112, 113, 114, 115, 116, 117, 118, 119, 120, 121, 123, 126, 127, 129, 130, 131, 132, 134, 135, 136, 137, 138, 139, 140, 141, 142, 143, 144, 145, 146, 147, 148, 149, 150, 151, 152, 153, 154, 155, 159, 160, 161, 163, 165, 166, 169, 170, 171, 172, 173, 174, 175, 176, 177, 179, 180, 181, 183, 184, 185, 186, 187, 188, 189, 190, 191, 192, 193, 194, 195, 196, 197, 198, 199, 200, 202, 203, 207, 208, 209, 210, 212, 213, 216, 217, 218, 219, 220, 221, 222, 224, 225, 226, 227, 230, 231, 232, 233, 234, 237, 239, 240, 241, 242, 244, 245, 246, 247, 248, 251, 253, 254, 255, 258, 259, 260, 261, 264, 265, 267, 268, 270, 271, 272, 273, 274, 275, 276, 277, 278, 279, 280, 281, 282, 284, 285, 286, 288, 289, 291, 292, 293, 294, 298, 300, 303, 307, 308, 309, 310, 311, 312, 313, 314, 315, 317, 320, 321, 322, 325, 326, 327, 328, 329, 330, 331, 332, 333, 334, 335, 336, 337, 341, 342, 343, 344, 345, 346, 347, 348, 349, 350, 351, 352, 353, 354, 355, 356, 358, 359, 360, 361, 362, 363, 364, 365, 367, 369, 370, 372, 373, 374, 376, 379, 380, 381, 382, 383, 384, 385, 387, 388, 389, 390, 391, 392, 393, 395, 396, 397, 398, 399, 402, 403, 404, 405, 406, 407, 408, 409, 410, 411, 412, 413, 414, 415, 416, 419, 421, 422, 423, 425, 426, 429, 430, 431, 432, 433, 434, 435, 436, 437, 438, 439, 440, 442, 443, 445, 446, 447, 448, 449, 450, 451, 452, 453, 455, 456, 459, 461, 462, 463, 464, 465, 466, 467, 468, 469, 470, 471, 472, 473, 474, 475, 476, 477, 478, 479, 480, 481, 482, 483, 485, 486, 488, 489, 490, 491, 492, 493, 494, 495, 497, 498, 499, 500, 501, 502, 503, 504, 505, 506, 507, 508, 509, 510, 512, 515, 516, 517, 518, 519, 521, 522, 523, 525, 526, 527, 528, 529, 532, 533, 534, 536, 538, 539, 540, 542, 543, 546, 547, 548, 549, 551, 552, 553, 554, 555, 556, 557, 558, 559, 560, 562, 564, 565, 567, 570, 571, 573, 574, 575, 577, 578, 579, 581, 582, 583, 584, 585, 586, 587, 588, 589, 591, 592, 593, 594, 595, 596, 597, 598, 599, 600, 601, 602, 603, 604, 605, 607, 608, 609, 610, 611, 613, 614, 616, 617, 618, 619, 620, 621, 624, 625, 626, 627, 631, 633, 635, 637, 638, 639, 640, 641, 642, 643, 644, 645, 646, 647, 648, 649, 650, 651, 652, 654, 655, 657, 658, 660, 661, 663, 664, 665, 666, 667, 669, 670, 672, 674, 676, 677, 679, 680, 681, 682, 685, 687, 688, 689, 691, 692, 693, 695, 696, 697, 699, 700, 701, 704, 705, 707, 709, 710, 712, 713, 714, 715, 716, 717, 719, 720, 721, 722, 723, 724, 725, 727, 728, 729, 730, 732, 733, 734, 738, 739, 740, 741, 743, 746, 747, 748, 749, 750, 751, 753, 754, 755, 757, 758, 759, 760, 761, 762, 763, 764, 765, 767, 768, 769, 771, 772, 777, 778, 780, 781, 783, 784, 785, 786, 787, 789, 790, 794, 795, 796, 797, 799, 801, 802, 803, 804, 805, 807, 809, 810, 811, 812, 813, 817, 818, 822, 823, 824, 825, 827, 828, 829, 831, 832, 833, 834, 835, 836, 837, 838, 839, 840, 841, 848, 849, 850, 851, 852, 854, 855, 856, 857, 858, 859, 860, 861, 862, 864, 865, 866, 867, 870, 871, 872, 873, 875, 876, 877, 878, 879, 880, 881, 882, 883, 884, 885, 886, 887, 888, 889, 891, 893, 896, 897, 899, 901, 902, 903, 904, 905, 906, 907, 908, 910, 912, 913, 914, 915, 917, 918, 919, 920, 921, 922, 924, 925, 926, 928, 929, 930, 932, 933, 934, 936, 937, 938, 939, 940, 941, 942, 945, 946, 947, 948, 949, 950, 951, 952, 953, 954, 955, 956, 958, 960, 961, 963, 964, 965, 967, 968, 969, 970, 971, 972, 974, 975, 976, 977, 978, 979, 980, 981, 982, 983, 984, 985, 988, 991, 992, 993, 994, 995, 996, 997, 998, 1000, 1001, 1002, 1003, 1005, 1007, 1008, 1009, 1010, 1012, 1013, 1014, 1017, 1018, 1019, 1021, 1022, 1024, 1025, 1026, 1027, 1028, 1029, 1033, 1035, 1037, 1038, 1039, 1040, 1042, 1043, 1044, 1047, 1048, 1049, 1050, 1052, 1054, 1056, 1057, 1058, 1059, 1060, 1061, 1064, 1065, 1066, 1067, 1068, 1069, 1070, 1071, 1072, 1073, 1074, 1076, 1077, 1078, 1079, 1080, 1082, 1083, 1084, 1085, 1086, 1087, 1088, 1089, 1090, 1091, 1092, 1093, 1094, 1095, 1096, 1097, 1099, 1101, 1102, 1103, 1104, 1105, 1106, 1108, 1110, 1111, 1112, 1113, 1114, 1115, 1116, 1117, 1118, 1119, 1120, 1121, 1122, 1123, 1124, 1125, 1126, 1127, 1128, 1129, 1130, 1131, 1132, 1133, 1134, 1136, 1138, 1139, 1140, 1141, 1146, 1147, 1148, 1150, 1152, 1153, 1154, 1157, 1158, 1159, 1160, 1161, 1162, 1164, 1169, 1171, 1177, 1179, 1180, 1181, 1182, 1183, 1184, 1185, 1186, 1187, 1189, 1191, 1192, 1193, 1195, 1196, 1197, 1198, 1199, 1200, 1202, 1203, 1205, 1206, 1207, 1208, 1209, 1210, 1211, 1212, 1213, 1216, 1217, 1218, 1219, 1220, 1221, 1222, 1223, 1224, 1225, 1226, 1228, 1229, 1230, 1231, 1232, 1233, 1234, 1235, 1237, 1238, 1239, 1241, 1242, 1243, 1246, 1247, 1248, 1249, 1250, 1251, 1252, 1253, 1254, 1255, 1256, 1257, 1258, 1259, 1260, 1261, 1262, 1264, 1265, 1267, 1268, 1269, 1270, 1271, 1272, 1273}, {0, 2, 3, 4, 5, 6, 9, 10, 11, 13, 16, 21, 24, 26, 27, 29, 35, 43, 44, 47, 48, 49, 56, 57, 58, 62, 66, 71, 77, 80, 81, 82, 90, 94, 95, 96, 104, 108, 112, 115, 117, 119, 126, 127, 130, 138, 140, 141, 152, 153, 159, 169, 180, 188, 192, 194, 195, 196, 207, 208, 209, 210, 216, 217, 219, 221, 226, 227, 271, 276, 278, 279, 286, 291, 292, 298, 308, 309, 312, 313, 321, 322, 325, 326, 327, 328, 329, 331, 332, 334, 336, 341, 346, 347, 351, 353, 354, 360, 361, 362, 382, 384, 387, 388, 389, 390, 393, 395, 396, 398, 405, 406, 407, 408, 409, 410, 415, 419, 421, 422, 423, 430, 434, 435, 437, 440, 445, 446, 447, 449, 456, 459, 461, 462, 463, 464, 465, 467, 468, 469, 470, 471, 474, 475, 476, 477, 478, 479, 480, 481, 482, 485, 490, 491, 492, 494, 497, 498, 499, 500, 502, 503, 504, 506, 509, 510, 512, 516, 517, 522, 523, 527, 534, 536, 538, 542, 547, 548, 555, 558, 559, 567, 571, 574, 578, 579, 582, 584, 587, 588, 592, 595, 596, 599, 601, 602, 607, 610, 617, 620, 638, 641, 649, 654, 657, 666, 674, 691, 697, 700, 717, 723, 729, 732, 748, 761, 764, 765, 780, 781, 794, 795, 803, 810, 823, 827, 834, 837, 860, 862, 882, 903, 905, 917, 918, 940, 941, 953, 955, 956, 960, 971, 979, 980, 981, 988, 991, 1009, 1014, 1019, 1027, 1040, 1043, 1061, 1071, 1072, 1074, 1080, 1082, 1083, 1088, 1091, 1094, 1097, 1106, 1113, 1114, 1118, 1120, 1122, 1123, 1132, 1134, 1138, 1139, 1147, 1152, 1154, 1158, 1160, 1164, 1179, 1181, 1186, 1189, 1198, 1203, 1205, 1207, 1208, 1209, 1210, 1216, 1218, 1219, 1223, 1224, 1225, 1230, 1231, 1232, 1234, 1235, 1237, 1238, 1239, 1241, 1246, 1247, 1249, 1251, 1252, 1253, 1257, 1260, 1264, 1265, 1270, 1273}, {0, 3, 1027, 522, 11, 1043, 534, 536, 26, 29, 548, 48, 1072, 57, 1091, 582, 584, 1097, 82, 601, 602, 1118, 1122, 1123, 617, 1132, 1152, 1158, 141, 654, 1179, 1198, 180, 1210, 194, 195, 1223, 1225, 717, 207, 1234, 723, 216, 217, 729, 219, 1241, 748, 1264, 761, 292, 298, 309, 325, 326, 331, 336, 347, 860, 353, 360, 362, 384, 387, 389, 395, 398, 405, 410, 419, 422, 430, 447, 960, 449, 456, 464, 465, 980, 981, 471, 988, 494, 502, 503, 506}, {1241, 325, 398}], 8: [], 9: [], 10: [], 11: [{0, 1024, 3, 1027, 1028, 521, 1037, 14, 1038, 16, 528, 533, 534, 1049, 1050, 29, 34, 35, 548, 37, 1058, 1059, 1062, 41, 1068, 51, 565, 55, 1079, 57, 1081, 60, 1087, 1088, 70, 1096, 1098, 587, 1099, 78, 81, 82, 1106, 85, 601, 90, 603, 94, 612, 1124, 616, 106, 107, 1132, 1133, 114, 626, 1142, 119, 637, 129, 130, 131, 641, 1154, 134, 646, 648, 649, 138, 651, 141, 154, 155, 1178, 670, 163, 165, 677, 171, 686, 175, 691, 180, 692, 694, 1209, 1210, 700, 189, 1212, 193, 198, 1224, 714, 715, 716, 1228, 719, 1239, 216, 1251, 233, 234, 746, 748, 1257, 1262, 1263, 752, 241, 242, 1264, 759, 1271, 763, 767, 769, 771, 260, 772, 264, 272, 785, 280, 282, 284, 287, 805, 298, 300, 302, 307, 309, 310, 314, 827, 835, 325, 326, 331, 333, 847, 849, 850, 341, 859, 351, 354, 355, 364, 876, 369, 374, 890, 380, 383, 385, 897, 387, 900, 395, 398, 405, 412, 925, 415, 426, 431, 433, 439, 446, 967, 456, 468, 469, 470, 981, 988, 478, 482, 995, 485, 1002, 1007, 498, 1013, 502, 503, 505, 1022}, {387, 772, 900, 1027, 1028, 521, 649, 395, 141, 528, 534, 280, 1050, 1058, 677, 805, 1062, 41, 298, 171, 302, 686, 692, 694, 55, 1210, 700, 1088, 325, 326, 456, 1224, 331, 716, 333, 847, 470, 216, 603, 478, 354, 995, 612, 1257, 106, 748, 1132, 374, 505, 637}], 12: [{0, 1, 2, 5, 6, 8, 9, 10, 11, 13, 14, 15, 17, 18, 19, 20, 21, 22, 23, 24, 25, 27, 29, 31, 32, 34, 36, 37, 38, 39, 40, 44, 45, 47, 50, 52, 54, 56, 57, 58, 60, 61, 62, 63, 65, 66, 67, 68, 69, 75, 77, 78, 79, 80, 81, 82, 85, 86, 88, 89, 90, 91, 92, 93, 94, 95, 96, 97, 99, 101, 102, 103, 106, 107, 108, 109, 112, 113, 114, 115, 116, 117, 118, 119, 120, 121, 124, 125, 126, 127, 131, 132, 133, 134, 135, 136, 137, 138, 139, 140, 141, 142, 144, 146, 149, 150, 151, 153, 154, 156, 157, 158, 159, 160, 161, 162, 164, 166, 167, 169, 172, 174, 175, 176, 177, 178, 180, 181, 182, 183, 184, 185, 187, 189, 192, 193, 194, 195, 196, 197, 198, 199, 203, 204, 206, 207, 208, 209, 210, 216, 217, 218, 219, 220, 221, 223, 225, 226, 227, 230, 231, 232, 233, 235, 236, 237, 239, 240, 242, 244, 245, 247, 248, 249, 250, 251, 253, 254, 258, 260, 261, 262, 264, 265, 272, 273, 276, 277, 279, 280, 281, 282, 285, 286, 288, 289, 290, 291, 292, 293, 294, 295, 296, 298, 300, 303, 304, 306, 307, 308, 309, 313, 314, 315, 317, 319, 320, 321, 322, 325, 326, 327, 328, 329, 330, 331, 332, 333, 334, 336, 337, 339, 340, 341, 342, 343, 344, 346, 347, 348, 351, 352, 353, 354, 356, 357, 358, 359, 360, 361, 362, 363, 364, 365, 367, 368, 370, 371, 372, 373, 374, 375, 377, 380, 382, 384, 385, 387, 388, 389, 391, 393, 395, 396, 397, 398, 399, 400, 401, 402, 403, 405, 406, 407, 408, 409, 410, 411, 412, 414, 415, 416, 419, 421, 422, 423, 424, 428, 429, 430, 432, 433, 434, 435, 436, 437, 438, 439, 440, 442, 444, 446, 447, 450, 451, 452, 453, 454, 455, 456, 457, 458, 459, 460, 461, 462, 463, 464, 465, 466, 467, 469, 470, 471, 472, 475, 476, 477, 478, 481, 482, 483, 484, 485, 487, 488, 489, 490, 492, 493, 494, 495, 497, 498, 499, 500, 501, 502, 503, 504, 506, 508, 510, 512, 515, 516, 517, 519, 520, 521, 522, 523, 525, 526, 527, 528, 530, 531, 532, 534, 536, 539, 540, 541, 542, 543, 544, 547, 548, 549, 550, 551, 552, 553, 554, 555, 556, 558, 559, 560, 561, 562, 564, 565, 566, 567, 570, 571, 573, 574, 577, 578, 579, 581, 582, 583, 585, 587, 590, 591, 592, 594, 595, 596, 597, 598, 599, 600, 601, 602, 603, 605, 606, 607, 608, 609, 610, 611, 612, 613, 615, 617, 618, 620, 622, 626, 627, 630, 631, 635, 637, 638, 639, 641, 642, 643, 644, 647, 649, 651, 652, 653, 654, 655, 657, 658, 659, 660, 661, 663, 665, 666, 667, 668, 669, 674, 675, 676, 680, 681, 682, 683, 685, 686, 688, 689, 692, 693, 695, 696, 697, 699, 700, 703, 704, 705, 707, 709, 710, 712, 713, 714, 715, 716, 717, 718, 719, 720, 721, 723, 724, 725, 727, 728, 729, 730, 733, 734, 738, 739, 740, 741, 743, 744, 747, 748, 750, 751, 752, 753, 754, 755, 757, 760, 761, 762, 763, 764, 766, 767, 768, 769, 771, 772, 773, 776, 777, 780, 781, 783, 784, 786, 787, 788, 789, 790, 791, 792, 794, 796, 797, 799, 800, 801, 802, 803, 804, 805, 806, 807, 809, 810, 811, 814, 816, 818, 819, 820, 821, 822, 823, 824, 826, 827, 828, 829, 831, 833, 834, 835, 836, 837, 838, 839, 841, 843, 844, 848, 849, 850, 851, 852, 853, 855, 857, 858, 859, 860, 861, 862, 863, 864, 865, 866, 867, 869, 870, 871, 872, 874, 876, 877, 879, 880, 881, 882, 884, 885, 886, 887, 888, 889, 891, 893, 894, 896, 897, 898, 899, 901, 903, 904, 905, 906, 907, 908, 909, 910, 911, 912, 913, 914, 915, 917, 918, 919, 921, 922, 924, 925, 926, 927, 929, 930, 932, 933, 934, 935, 936, 937, 938, 939, 940, 941, 943, 944, 945, 946, 947, 948, 949, 952, 953, 954, 955, 956, 958, 960, 961, 963, 964, 967, 968, 969, 970, 971, 973, 974, 975, 976, 977, 979, 980, 981, 982, 983, 984, 985, 987, 988, 991, 992, 993, 994, 995, 996, 997, 998, 999, 1000, 1001, 1002, 1003, 1005, 1007, 1009, 1012, 1013, 1014, 1016, 1017, 1018, 1019, 1021, 1022, 1023, 1024, 1026, 1027, 1028, 1033, 1035, 1037, 1038, 1039, 1040, 1042, 1043, 1044, 1046, 1047, 1048, 1049, 1050, 1051, 1052, 1056, 1058, 1059, 1060, 1062, 1063, 1064, 1066, 1068, 1069, 1070, 1071, 1072, 1073, 1074, 1075, 1076, 1077, 1078, 1080, 1081, 1082, 1084, 1085, 1087, 1088, 1090, 1092, 1093, 1094, 1095, 1096, 1098, 1099, 1101, 1102, 1105, 1106, 1107, 1110, 1111, 1113, 1115, 1116, 1117, 1118, 1119, 1120, 1121, 1123, 1126, 1127, 1128, 1129, 1130, 1131, 1132, 1133, 1134, 1135, 1136, 1138, 1139, 1140, 1142, 1146, 1147, 1148, 1150, 1152, 1153, 1154, 1157, 1158, 1159, 1160, 1162, 1163, 1164, 1165, 1168, 1169, 1172, 1173, 1175, 1177, 1179, 1180, 1181, 1182, 1183, 1184, 1185, 1186, 1187, 1188, 1189, 1192, 1195, 1196, 1197, 1198, 1199, 1200, 1201, 1202, 1203, 1206, 1207, 1208, 1209, 1211, 1213, 1214, 1217, 1218, 1219, 1220, 1221, 1222, 1223, 1224, 1225, 1226, 1228, 1229, 1230, 1231, 1232, 1233, 1234, 1235, 1236, 1238, 1239, 1241, 1242, 1243, 1245, 1246, 1247, 1248, 1249, 1250, 1251, 1252, 1253, 1256, 1257, 1258, 1259, 1260, 1261, 1262, 1264, 1265, 1267, 1268, 1269, 1270, 1271, 1272, 1273}, {0, 1027, 516, 6, 8, 522, 11, 1038, 15, 1039, 1043, 532, 534, 536, 25, 1049, 31, 32, 544, 34, 547, 36, 37, 38, 39, 40, 548, 550, 551, 44, 45, 554, 555, 559, 561, 1075, 52, 564, 54, 566, 56, 57, 1080, 571, 60, 1081, 63, 66, 69, 583, 1095, 1098, 587, 590, 79, 80, 81, 82, 1102, 1106, 85, 86, 597, 599, 89, 90, 600, 602, 1113, 96, 99, 612, 1123, 103, 617, 1129, 107, 1131, 1132, 622, 1133, 1135, 1136, 630, 119, 1142, 124, 1148, 1152, 1154, 132, 133, 1158, 1165, 1168, 146, 1175, 665, 1179, 156, 1180, 158, 1181, 1185, 162, 674, 675, 1187, 167, 1200, 1201, 178, 180, 695, 1209, 1213, 1214, 193, 1056, 1217, 1223, 1224, 713, 1225, 203, 206, 207, 208, 718, 1232, 1236, 1238, 1239, 216, 219, 1243, 1245, 734, 223, 1062, 1248, 226, 740, 1063, 230, 743, 744, 233, 1253, 235, 236, 747, 748, 1257, 1258, 753, 754, 1264, 1271, 1273, 250, 766, 262, 264, 776, 788, 791, 281, 796, 800, 291, 806, 295, 296, 809, 298, 300, 814, 303, 304, 816, 306, 307, 308, 309, 818, 819, 826, 319, 320, 321, 831, 835, 325, 326, 327, 328, 330, 331, 844, 336, 849, 339, 340, 341, 853, 343, 347, 860, 353, 356, 358, 361, 362, 874, 365, 881, 370, 375, 894, 898, 387, 389, 393, 396, 909, 911, 912, 401, 917, 411, 412, 924, 926, 415, 416, 927, 929, 424, 434, 435, 440, 450, 451, 964, 1107, 454, 456, 458, 970, 461, 973, 464, 465, 467, 979, 469, 470, 980, 475, 988, 478, 481, 484, 485, 487, 488, 489, 490, 999, 493, 497, 498, 499, 501, 502, 503, 1013, 506, 1022}, {0, 1027, 6, 8, 522, 11, 1038, 1039, 1043, 532, 534, 536, 1049, 31, 32, 548, 39, 554, 555, 54, 566, 56, 63, 66, 1095, 590, 80, 81, 82, 1106, 1107, 597, 599, 600, 89, 90, 96, 1123, 103, 617, 1129, 1131, 622, 1135, 630, 119, 1142, 133, 1158, 1179, 158, 162, 674, 675, 167, 180, 1209, 203, 718, 207, 1238, 216, 219, 223, 230, 744, 1257, 747, 748, 1264, 250, 766, 262, 264, 281, 800, 291, 806, 296, 298, 816, 306, 819, 319, 831, 321, 325, 326, 328, 331, 336, 339, 340, 341, 853, 347, 353, 358, 370, 387, 393, 411, 412, 416, 424, 435, 440, 456, 464, 465, 979, 469, 478, 484, 485, 487, 488, 489, 497, 501, 502, 503, 506}, {416, 353, 291, 485, 358, 8, 456, 1257, 464, 81, 1264, 503, 1179}], 13: [], 14: [], 15: [{0, 1024, 1027, 1028, 1037, 14, 1038, 16, 528, 533, 534, 25, 1049, 1050, 29, 31, 545, 34, 35, 548, 37, 1057, 1058, 1059, 1060, 1061, 1063, 1067, 557, 1068, 1071, 1072, 1074, 51, 565, 1078, 55, 1079, 57, 1081, 1082, 60, 1083, 1084, 1085, 1087, 1088, 1089, 1090, 70, 1096, 586, 587, 588, 589, 78, 1098, 1099, 82, 1106, 85, 597, 1111, 601, 90, 604, 616, 1129, 106, 1132, 1133, 114, 626, 1142, 119, 631, 634, 1150, 641, 131, 134, 646, 648, 649, 138, 651, 1161, 141, 154, 155, 1179, 670, 163, 686, 175, 687, 691, 180, 692, 693, 694, 1209, 1210, 700, 189, 1216, 193, 1218, 196, 197, 198, 1224, 714, 719, 1238, 1239, 216, 733, 1248, 1252, 233, 746, 1257, 748, 1262, 752, 241, 242, 759, 763, 764, 767, 769, 771, 260, 772, 268, 272, 785, 277, 280, 282, 284, 287, 288, 291, 298, 300, 306, 307, 308, 310, 311, 314, 827, 835, 325, 326, 331, 847, 336, 849, 850, 341, 342, 859, 354, 361, 364, 876, 369, 374, 382, 383, 385, 387, 900, 389, 398, 405, 925, 415, 934, 426, 939, 431, 433, 439, 951, 446, 967, 456, 469, 470, 981, 475, 478, 995, 485, 1002, 1007, 498, 1013, 502, 503, 505, 1018, 1022}, {1018, 131, 387, 771, 268, 398, 272, 405, 534, 25, 154, 1179, 284, 288, 545, 1058, 548, 1060, 1063, 298, 939, 175, 431, 687, 306, 1074, 308, 310, 951, 1078, 1081, 314, 1082, 1083, 1209, 1210, 1090, 835, 196, 197, 325, 326, 967, 1224, 586, 331, 1098, 336, 1106, 341, 469, 470, 216, 981, 1239, 1248, 485, 631, 1129, 1257, 759, 748, 1132, 752, 241, 369, 498, 626, 374, 502, 634, 382}, {387, 398, 405, 534, 154, 1058, 548, 298, 1074, 308, 951, 1210, 1090, 196, 325, 326, 331, 216, 1257, 634}, {1058, 387, 325, 326, 298, 405, 1210}, {1210, 325, 326}, {1210, 325, 326}], 16: [], 17: [{0, 1, 2, 4, 5, 6, 8, 10, 11, 13, 15, 16, 17, 18, 19, 20, 21, 22, 25, 26, 28, 29, 30, 31, 32, 35, 37, 38, 39, 40, 43, 45, 46, 50, 51, 52, 53, 54, 55, 56, 57, 58, 60, 61, 62, 63, 66, 67, 68, 69, 70, 71, 72, 73, 75, 78, 79, 80, 81, 82, 84, 85, 86, 89, 90, 91, 93, 94, 96, 97, 99, 100, 101, 103, 104, 105, 107, 108, 109, 111, 112, 113, 115, 116, 117, 118, 119, 120, 121, 124, 125, 126, 131, 132, 133, 134, 135, 136, 137, 138, 139, 141, 142, 144, 146, 150, 151, 153, 154, 156, 157, 158, 159, 160, 161, 162, 163, 164, 166, 167, 169, 170, 172, 174, 175, 176, 177, 178, 180, 181, 183, 184, 185, 186, 187, 189, 192, 193, 194, 196, 197, 198, 199, 200, 201, 203, 204, 206, 207, 208, 209, 210, 211, 212, 216, 217, 218, 219, 220, 221, 225, 226, 227, 228, 229, 230, 231, 232, 234, 236, 237, 239, 240, 242, 243, 244, 245, 246, 247, 248, 249, 250, 251, 252, 254, 255, 256, 257, 258, 259, 260, 262, 264, 266, 268, 269, 272, 273, 274, 275, 276, 277, 279, 280, 281, 282, 284, 286, 288, 289, 290, 291, 292, 293, 296, 297, 298, 300, 302, 303, 304, 306, 307, 308, 309, 310, 312, 313, 314, 315, 317, 318, 319, 320, 321, 322, 325, 326, 327, 328, 329, 330, 331, 332, 333, 334, 335, 336, 337, 338, 339, 341, 342, 343, 344, 346, 347, 348, 350, 351, 353, 354, 356, 358, 359, 360, 361, 362, 364, 365, 367, 368, 369, 370, 371, 372, 373, 374, 380, 381, 382, 383, 384, 385, 387, 388, 389, 390, 391, 392, 393, 394, 395, 396, 397, 398, 399, 400, 401, 402, 403, 404, 405, 406, 407, 408, 409, 410, 411, 412, 414, 415, 416, 417, 420, 421, 422, 424, 428, 429, 430, 432, 433, 434, 435, 436, 438, 439, 440, 442, 443, 446, 447, 449, 450, 451, 452, 455, 456, 457, 458, 459, 460, 461, 462, 463, 464, 465, 466, 467, 468, 469, 470, 471, 473, 474, 475, 476, 477, 478, 479, 481, 482, 483, 484, 485, 486, 487, 488, 489, 490, 491, 493, 494, 495, 496, 497, 498, 499, 500, 501, 502, 503, 505, 506, 508, 510, 512, 513, 515, 516, 517, 519, 520, 521, 522, 523, 525, 526, 528, 529, 530, 531, 532, 533, 534, 536, 538, 539, 540, 541, 542, 543, 544, 546, 547, 548, 549, 550, 551, 552, 553, 554, 555, 556, 557, 559, 560, 561, 562, 564, 565, 566, 567, 571, 572, 573, 574, 575, 577, 578, 579, 581, 582, 583, 584, 585, 587, 588, 591, 592, 594, 595, 596, 597, 598, 599, 600, 601, 602, 603, 605, 606, 607, 608, 609, 610, 611, 612, 617, 618, 620, 622, 624, 626, 627, 630, 631, 635, 637, 639, 641, 642, 643, 644, 647, 649, 650, 651, 654, 655, 656, 657, 659, 660, 661, 662, 664, 665, 666, 667, 668, 670, 672, 673, 674, 675, 676, 677, 679, 680, 681, 682, 684, 685, 688, 691, 692, 693, 694, 695, 696, 697, 699, 700, 701, 703, 704, 705, 706, 707, 709, 710, 711, 712, 713, 714, 715, 716, 717, 718, 719, 720, 721, 723, 724, 725, 727, 728, 729, 730, 731, 733, 734, 735, 737, 738, 739, 740, 741, 744, 747, 748, 750, 751, 753, 754, 755, 757, 758, 759, 760, 762, 763, 764, 765, 766, 767, 768, 769, 771, 772, 773, 775, 776, 777, 778, 780, 781, 783, 784, 785, 786, 787, 788, 789, 790, 791, 794, 795, 796, 797, 798, 799, 801, 802, 803, 804, 805, 806, 807, 809, 810, 811, 814, 815, 816, 817, 818, 819, 820, 822, 823, 824, 826, 827, 828, 829, 830, 831, 832, 833, 834, 835, 836, 837, 838, 841, 843, 844, 848, 849, 850, 851, 852, 853, 855, 857, 859, 860, 861, 862, 864, 867, 868, 869, 870, 871, 872, 874, 875, 876, 878, 879, 880, 881, 882, 884, 885, 887, 888, 889, 891, 893, 894, 896, 897, 898, 899, 900, 901, 904, 905, 906, 907, 910, 911, 912, 913, 914, 915, 917, 918, 919, 920, 921, 922, 924, 925, 926, 927, 929, 930, 932, 933, 934, 935, 937, 938, 939, 940, 941, 942, 944, 945, 946, 947, 948, 949, 950, 951, 952, 953, 954, 955, 956, 958, 959, 961, 963, 964, 965, 966, 967, 968, 969, 970, 971, 972, 973, 974, 975, 976, 977, 979, 980, 981, 982, 983, 984, 985, 988, 991, 992, 993, 994, 995, 996, 997, 998, 1000, 1001, 1002, 1003, 1005, 1007, 1009, 1010, 1013, 1014, 1015, 1016, 1017, 1018, 1019, 1021, 1022, 1023, 1024, 1025, 1026, 1027, 1028, 1029, 1030, 1033, 1035, 1037, 1038, 1039, 1040, 1042, 1043, 1044, 1046, 1048, 1049, 1050, 1051, 1054, 1055, 1056, 1058, 1059, 1060, 1062, 1063, 1064, 1066, 1067, 1068, 1069, 1070, 1072, 1073, 1074, 1076, 1077, 1078, 1080, 1081, 1082, 1083, 1084, 1085, 1086, 1087, 1089, 1090, 1091, 1092, 1093, 1094, 1095, 1098, 1099, 1100, 1103, 1104, 1105, 1106, 1107, 1109, 1111, 1113, 1114, 1115, 1116, 1117, 1118, 1119, 1120, 1121, 1122, 1123, 1124, 1125, 1126, 1127, 1128, 1129, 1130, 1131, 1132, 1133, 1134, 1135, 1136, 1137, 1138, 1140, 1141, 1142, 1146, 1147, 1150, 1151, 1152, 1153, 1154, 1156, 1157, 1158, 1159, 1160, 1161, 1162, 1163, 1164, 1167, 1169, 1171, 1173, 1174, 1175, 1177, 1178, 1179, 1180, 1181, 1183, 1184, 1185, 1186, 1187, 1189, 1192, 1193, 1194, 1195, 1196, 1197, 1198, 1199, 1200, 1201, 1202, 1203, 1205, 1206, 1207, 1208, 1209, 1210, 1212, 1213, 1214, 1216, 1217, 1218, 1220, 1221, 1222, 1223, 1224, 1225, 1226, 1227, 1228, 1230, 1231, 1232, 1233, 1234, 1235, 1236, 1237, 1238, 1239, 1240, 1242, 1243, 1246, 1247, 1249, 1250, 1251, 1252, 1253, 1254, 1255, 1256, 1257, 1258, 1260, 1261, 1262, 1264, 1267, 1268, 1269, 1270, 1271, 1273}, {0, 512, 513, 1027, 4, 1029, 8, 1033, 11, 15, 1040, 17, 18, 19, 20, 21, 531, 533, 534, 25, 538, 1050, 29, 541, 1055, 35, 38, 1064, 43, 557, 53, 56, 1081, 1082, 571, 572, 1083, 63, 577, 66, 579, 68, 70, 71, 72, 73, 582, 75, 584, 588, 1100, 1103, 80, 1104, 82, 595, 596, 85, 1106, 599, 1107, 601, 1109, 1113, 1114, 606, 607, 97, 1123, 100, 103, 104, 1128, 1132, 624, 1136, 1142, 1146, 125, 641, 644, 1159, 1161, 1163, 659, 664, 153, 154, 1179, 672, 673, 1185, 1186, 1193, 1194, 684, 1198, 691, 694, 1206, 184, 701, 703, 706, 1220, 1221, 1222, 1223, 200, 201, 1224, 203, 1230, 207, 208, 1231, 1233, 211, 1239, 216, 1240, 1242, 731, 221, 1246, 1247, 737, 228, 1252, 1254, 1255, 1257, 748, 1264, 246, 758, 759, 1271, 252, 765, 256, 266, 272, 279, 284, 289, 291, 297, 298, 815, 823, 824, 830, 319, 832, 326, 331, 333, 338, 344, 353, 868, 358, 362, 875, 878, 368, 387, 389, 394, 395, 398, 913, 404, 920, 421, 933, 430, 942, 944, 950, 951, 440, 443, 450, 451, 964, 965, 966, 972, 461, 462, 464, 465, 979, 469, 981, 479, 992, 481, 485, 486, 490, 494, 495, 497, 1010, 1015, 502, 503, 1016, 505, 1023}, {512, 1027, 1033, 11, 1040, 19, 531, 21, 29, 541, 1055, 38, 557, 1081, 1083, 572, 63, 579, 70, 71, 72, 588, 1100, 1103, 1104, 596, 1109, 599, 1113, 1114, 606, 607, 97, 1123, 100, 103, 1132, 1142, 1159, 1161, 1163, 659, 1179, 672, 673, 684, 691, 694, 703, 706, 1222, 201, 207, 211, 1239, 216, 1240, 731, 228, 1252, 1264, 246, 758, 1271, 252, 256, 272, 291, 297, 298, 823, 830, 319, 326, 338, 344, 358, 362, 368, 387, 394, 913, 920, 430, 944, 950, 443, 451, 964, 966, 461, 464, 465, 979, 981, 479, 485, 494, 497, 1015, 1016, 505}], 18: [], 19: [{897, 387, 1156, 398, 405, 534, 409, 1058, 1059, 548, 934, 298, 306, 693, 821, 1078, 568, 570, 1082, 1210, 1089, 196, 325, 326, 331, 81, 85, 342, 472, 94, 612, 485, 1257, 234, 107, 490, 492, 1258, 495, 1260, 497, 498, 1261, 1142, 637}], 20: [], 21: [{0, 1, 4, 5, 6, 7, 8, 9, 10, 11, 12, 13, 14, 15, 16, 17, 18, 20, 21, 22, 23, 24, 25, 26, 27, 28, 29, 31, 32, 34, 35, 36, 38, 39, 40, 43, 44, 45, 46, 48, 49, 50, 51, 52, 53, 54, 55, 56, 57, 58, 60, 61, 62, 63, 64, 65, 66, 68, 71, 75, 77, 78, 79, 80, 81, 82, 83, 84, 85, 86, 89, 90, 91, 92, 93, 94, 95, 96, 97, 98, 99, 100, 101, 102, 103, 104, 105, 107, 108, 109, 110, 111, 112, 113, 115, 116, 117, 118, 119, 120, 121, 123, 124, 125, 126, 127, 130, 131, 132, 133, 134, 135, 136, 137, 138, 139, 140, 141, 142, 143, 144, 145, 146, 147, 148, 149, 150, 151, 152, 153, 154, 155, 156, 157, 158, 160, 162, 163, 165, 166, 168, 169, 170, 171, 172, 173, 174, 175, 176, 178, 179, 180, 181, 182, 183, 184, 185, 186, 187, 188, 190, 191, 192, 193, 194, 195, 196, 197, 198, 199, 200, 201, 202, 203, 204, 206, 207, 208, 209, 210, 211, 213, 216, 217, 218, 219, 220, 222, 225, 226, 227, 228, 229, 230, 231, 233, 234, 235, 236, 237, 239, 240, 241, 242, 243, 244, 245, 246, 247, 248, 250, 251, 252, 253, 254, 255, 256, 257, 258, 259, 262, 264, 265, 267, 269, 270, 271, 272, 273, 274, 275, 276, 277, 278, 279, 281, 282, 284, 285, 286, 287, 288, 289, 290, 291, 292, 293, 294, 295, 296, 297, 298, 300, 302, 303, 304, 305, 306, 307, 308, 309, 310, 312, 313, 314, 315, 318, 319, 320, 321, 322, 325, 326, 327, 328, 329, 330, 331, 332, 333, 334, 336, 337, 338, 339, 341, 342, 343, 344, 345, 346, 347, 348, 349, 350, 351, 352, 353, 354, 356, 357, 358, 359, 360, 361, 362, 363, 365, 367, 368, 370, 371, 372, 373, 374, 375, 376, 377, 378, 379, 380, 381, 382, 383, 384, 387, 388, 389, 390, 391, 393, 394, 395, 396, 397, 398, 399, 400, 401, 403, 404, 405, 406, 407, 408, 409, 410, 411, 412, 413, 415, 416, 417, 419, 420, 421, 422, 423, 424, 425, 426, 427, 428, 429, 430, 434, 435, 436, 437, 438, 439, 440, 442, 443, 444, 445, 446, 447, 449, 450, 451, 452, 453, 456, 457, 458, 459, 460, 461, 462, 463, 464, 465, 466, 467, 468, 469, 471, 472, 473, 474, 475, 476, 477, 478, 480, 481, 482, 483, 484, 485, 486, 487, 488, 489, 490, 491, 492, 493, 494, 495, 496, 497, 498, 499, 500, 501, 502, 503, 504, 505, 506, 507, 508, 509, 510, 511, 512, 513, 514, 515, 516, 517, 518, 519, 520, 521, 522, 523, 525, 526, 527, 528, 529, 530, 532, 533, 534, 536, 538, 539, 540, 541, 543, 544, 547, 548, 549, 551, 553, 554, 555, 556, 557, 558, 559, 560, 561, 562, 565, 566, 567, 569, 570, 571, 572, 573, 574, 575, 577, 578, 579, 581, 582, 583, 584, 585, 586, 587, 588, 590, 591, 593, 594, 595, 596, 597, 598, 599, 600, 601, 602, 603, 604, 605, 606, 608, 609, 611, 612, 614, 615, 617, 618, 619, 621, 622, 624, 625, 626, 627, 629, 630, 631, 632, 633, 635, 637, 639, 640, 641, 642, 643, 644, 646, 649, 650, 651, 652, 653, 654, 655, 656, 657, 658, 659, 660, 662, 665, 666, 667, 668, 669, 670, 672, 673, 674, 675, 676, 677, 679, 680, 682, 683, 684, 685, 686, 687, 690, 692, 693, 694, 695, 696, 697, 699, 700, 702, 703, 704, 705, 706, 707, 709, 710, 711, 712, 714, 715, 716, 717, 718, 719, 720, 721, 722, 724, 725, 727, 729, 730, 732, 733, 734, 735, 737, 739, 740, 741, 742, 743, 744, 745, 746, 747, 748, 749, 750, 751, 752, 753, 754, 755, 757, 758, 759, 761, 762, 763, 764, 765, 766, 767, 768, 769, 771, 772, 773, 775, 776, 777, 778, 781, 783, 784, 785, 786, 787, 788, 789, 790, 791, 792, 794, 795, 796, 797, 798, 799, 800, 801, 802, 803, 804, 805, 806, 807, 808, 809, 810, 811, 812, 813, 814, 815, 816, 817, 818, 819, 820, 821, 822, 823, 824, 825, 826, 827, 828, 829, 830, 831, 832, 833, 834, 836, 837, 838, 839, 840, 841, 843, 844, 848, 849, 850, 851, 852, 854, 855, 857, 858, 859, 861, 862, 864, 865, 866, 867, 868, 869, 870, 871, 872, 873, 874, 876, 877, 879, 880, 881, 882, 883, 884, 885, 887, 888, 889, 890, 891, 892, 893, 894, 896, 897, 898, 899, 900, 901, 902, 903, 904, 905, 907, 910, 912, 913, 914, 915, 917, 918, 919, 921, 924, 925, 926, 927, 929, 930, 932, 933, 934, 935, 936, 937, 938, 939, 940, 941, 942, 943, 944, 945, 946, 947, 948, 949, 950, 951, 952, 953, 954, 955, 958, 959, 961, 964, 965, 966, 967, 968, 969, 970, 971, 972, 973, 974, 975, 976, 977, 978, 979, 980, 981, 982, 983, 984, 985, 987, 988, 989, 990, 991, 992, 993, 994, 995, 996, 997, 998, 999, 1000, 1001, 1002, 1005, 1006, 1007, 1008, 1009, 1010, 1011, 1013, 1014, 1015, 1016, 1017, 1018, 1019, 1023, 1024, 1025, 1026, 1027, 1028, 1029, 1030, 1035, 1036, 1037, 1039, 1040, 1042, 1043, 1044, 1045, 1046, 1048, 1049, 1050, 1052, 1054, 1055, 1056, 1058, 1059, 1060, 1061, 1062, 1063, 1064, 1068, 1069, 1072, 1074, 1075, 1076, 1077, 1078, 1079, 1080, 1081, 1082, 1085, 1086, 1088, 1089, 1091, 1092, 1093, 1095, 1096, 1097, 1098, 1099, 1100, 1101, 1102, 1103, 1104, 1105, 1106, 1107, 1109, 1110, 1111, 1112, 1113, 1114, 1115, 1116, 1117, 1118, 1119, 1120, 1121, 1122, 1123, 1124, 1125, 1126, 1127, 1128, 1129, 1130, 1131, 1132, 1133, 1134, 1135, 1136, 1137, 1138, 1139, 1140, 1142, 1146, 1147, 1148, 1150, 1151, 1152, 1153, 1154, 1156, 1157, 1158, 1159, 1160, 1161, 1162, 1163, 1164, 1166, 1167, 1168, 1169, 1171, 1172, 1173, 1174, 1176, 1177, 1179, 1180, 1181, 1182, 1183, 1184, 1185, 1186, 1187, 1188, 1189, 1192, 1193, 1194, 1195, 1196, 1197, 1198, 1199, 1200, 1201, 1203, 1204, 1205, 1206, 1207, 1208, 1209, 1210, 1211, 1212, 1213, 1214, 1216, 1217, 1218, 1219, 1220, 1221, 1222, 1223, 1224, 1225, 1226, 1227, 1228, 1229, 1230, 1231, 1232, 1233, 1234, 1235, 1237, 1238, 1239, 1240, 1241, 1242, 1243, 1244, 1245, 1246, 1247, 1248, 1249, 1250, 1251, 1252, 1253, 1254, 1256, 1257, 1258, 1260, 1261, 1264, 1265, 1267, 1268, 1269, 1270, 1271, 1272, 1273}, {1, 4, 6, 7, 9, 10, 11, 12, 14, 16, 17, 18, 20, 23, 24, 25, 27, 28, 32, 34, 38, 40, 44, 45, 46, 51, 52, 56, 57, 58, 62, 64, 65, 77, 79, 80, 81, 82, 84, 86, 92, 94, 95, 97, 98, 102, 105, 107, 109, 110, 117, 118, 123, 125, 130, 138, 140, 141, 143, 148, 149, 150, 152, 153, 154, 155, 163, 165, 168, 171, 173, 179, 180, 182, 183, 188, 190, 191, 193, 194, 195, 199, 200, 202, 204, 208, 209, 213, 216, 222, 233, 241, 246, 251, 257, 259, 265, 270, 271, 275, 277, 278, 279, 281, 284, 285, 286, 287, 288, 289, 291, 292, 293, 294, 295, 305, 307, 308, 309, 310, 312, 313, 314, 315, 318, 319, 322, 325, 326, 327, 328, 330, 331, 332, 333, 334, 336, 344, 345, 347, 349, 353, 357, 358, 360, 361, 362, 363, 365, 370, 371, 373, 375, 376, 377, 378, 379, 380, 382, 387, 388, 389, 393, 394, 395, 398, 408, 411, 412, 413, 416, 417, 419, 420, 421, 422, 423, 424, 425, 427, 428, 429, 434, 436, 437, 439, 440, 444, 445, 447, 450, 451, 452, 456, 461, 462, 464, 465, 467, 468, 469, 471, 472, 474, 475, 477, 480, 481, 482, 483, 484, 487, 490, 492, 494, 497, 499, 502, 503, 504, 505, 507, 509, 511, 514, 517, 518, 522, 526, 527, 529, 530, 534, 536, 538, 547, 548, 554, 555, 556, 558, 566, 569, 570, 571, 577, 578, 579, 583, 584, 586, 587, 590, 595, 597, 603, 604, 608, 614, 615, 619, 621, 625, 629, 632, 633, 639, 640, 641, 642, 646, 649, 652, 653, 656, 662, 669, 670, 673, 676, 677, 680, 683, 686, 687, 690, 697, 699, 702, 711, 712, 721, 722, 727, 730, 732, 735, 737, 740, 743, 745, 746, 749, 750, 752, 761, 775, 778, 785, 788, 790, 792, 796, 798, 800, 808, 810, 812, 813, 817, 821, 825, 831, 836, 840, 844, 855, 858, 865, 866, 873, 880, 883, 887, 888, 892, 894, 902, 904, 913, 925, 932, 936, 937, 943, 948, 951, 959, 961, 970, 978, 979, 983, 984, 987, 989, 998, 999, 1006, 1008, 1011, 1014, 1016, 1017, 1023, 1027, 1030, 1036, 1040, 1042, 1045, 1049, 1050, 1052, 1054, 1061, 1062, 1063, 1068, 1072, 1074, 1075, 1079, 1085, 1088, 1089, 1093, 1097, 1102, 1103, 1110, 1112, 1114, 1119, 1121, 1123, 1125, 1126, 1128, 1130, 1132, 1136, 1137, 1138, 1139, 1142, 1146, 1147, 1148, 1152, 1153, 1154, 1156, 1157, 1158, 1160, 1161, 1162, 1166, 1167, 1168, 1172, 1173, 1174, 1176, 1179, 1180, 1181, 1182, 1184, 1186, 1196, 1200, 1204, 1205, 1207, 1208, 1211, 1212, 1213, 1216, 1217, 1218, 1219, 1220, 1221, 1222, 1224, 1226, 1229, 1230, 1231, 1234, 1238, 1241, 1242, 1244, 1245, 1246, 1247, 1248, 1251, 1253, 1254, 1257, 1258, 1264, 1265, 1270, 1271}, {514, 1027, 517, 518, 7, 1030, 11, 1036, 14, 527, 529, 530, 1042, 1045, 1050, 27, 1023, 1054, 32, 548, 1061, 38, 1063, 554, 44, 45, 46, 558, 1072, 1075, 566, 1079, 569, 58, 570, 1085, 62, 64, 579, 584, 1097, 586, 587, 590, 79, 80, 1102, 82, 597, 1110, 1112, 604, 94, 95, 608, 1119, 98, 1123, 614, 1128, 619, 1132, 621, 110, 625, 1137, 1139, 629, 118, 632, 1146, 1147, 1148, 640, 641, 130, 1156, 646, 1160, 141, 1166, 143, 656, 1167, 148, 149, 662, 1172, 152, 155, 1179, 669, 670, 1181, 168, 680, 171, 173, 687, 690, 179, 180, 1204, 1205, 183, 1207, 188, 1212, 190, 191, 702, 193, 1216, 1219, 1222, 199, 200, 711, 202, 1224, 1229, 208, 209, 722, 1234, 213, 216, 1241, 1242, 732, 1244, 1245, 735, 1247, 737, 1251, 743, 233, 745, 746, 1257, 749, 1258, 1264, 241, 246, 1271, 257, 259, 775, 265, 270, 271, 785, 275, 278, 792, 284, 285, 798, 287, 800, 292, 295, 808, 812, 813, 305, 310, 312, 825, 318, 322, 325, 326, 840, 333, 336, 345, 347, 349, 353, 358, 360, 873, 370, 371, 883, 375, 376, 378, 380, 892, 387, 388, 389, 902, 395, 398, 913, 408, 411, 412, 413, 416, 419, 420, 932, 423, 427, 434, 437, 951, 440, 445, 959, 451, 456, 461, 464, 465, 978, 468, 469, 471, 472, 474, 477, 989, 480, 481, 482, 484, 999, 490, 492, 1006, 1008, 497, 1011, 502, 503, 507, 509, 511}, {1166, 1167, 529, 530, 1172, 408, 155, 284, 285, 670, 287, 1054, 1179, 932, 295, 423, 1063, 554, 173, 813, 310, 566, 312, 440, 58, 569, 570, 1207, 318, 579, 325, 326, 199, 456, 1224, 202, 587, 1102, 79, 80, 464, 1241, 347, 1244, 1245, 1119, 353, 737, 503, 1123, 1251, 358, 360, 1257, 490, 746, 492, 749, 1132, 241, 370, 1137, 246, 502, 1146, 1271}, {579, 326, 358, 1063, 1257, 490, 492, 1132, 464, 246, 1146, 1054, 287}, {579, 358, 490, 1132, 246}], 22: [{0, 512, 6, 526, 530, 534, 536, 26, 548, 38, 1063, 555, 1070, 561, 56, 1080, 1081, 59, 571, 1082, 1083, 584, 77, 81, 82, 595, 85, 86, 1121, 617, 116, 1148, 638, 1158, 1160, 138, 665, 1179, 1206, 192, 194, 1220, 199, 1226, 1231, 208, 216, 217, 1252, 1253, 743, 1257, 748, 1262, 1264, 1268, 760, 265, 781, 276, 277, 291, 298, 813, 308, 827, 325, 326, 327, 328, 331, 336, 353, 365, 880, 384, 393, 924, 420, 429, 436, 440, 954, 450, 464, 977, 470, 475, 481, 999, 490, 494, 501, 504}, {353, 194, 291, 420, 1082, 440, 1063, 464, 85, 86, 216, 1081, 1080, 1083}, {194, 420, 464, 1080, 1081, 1082, 1083}, {194, 420, 1080, 1081, 1082}, {1082}], 23: [{130, 387, 771, 264, 521, 398, 534, 548, 165, 677, 805, 1062, 41, 171, 306, 1210, 193, 325, 326, 1224, 331, 716, 333, 1238, 216, 1112, 603, 1120, 1253, 1257, 748, 1132, 495, 1271, 764}, {387, 548, 325, 326, 1253, 331, 171, 495, 1112, 1210}], 24: [], 25: [], 26: [], 27: [], 28: [{897, 259, 389, 393, 146, 536, 27, 1179, 286, 288, 161, 800, 291, 421, 44, 815, 1204, 57, 1082, 60, 1085, 967, 328, 456, 971, 77, 79, 207, 81, 336, 1231, 734, 353, 103, 1260, 622, 1264, 499, 1268, 502, 503, 891}, {353, 1082, 967}], 29: [], 30: [], 31: [], 32: [], 33: [{0, 512, 513, 11, 15, 16, 17, 1040, 19, 531, 1047, 536, 25, 538, 1049, 30, 1057, 547, 548, 37, 1061, 39, 1062, 1063, 555, 45, 1069, 1070, 48, 1072, 51, 564, 566, 1080, 570, 571, 1085, 62, 577, 1089, 579, 1090, 1094, 583, 72, 1097, 74, 75, 587, 588, 1099, 80, 81, 82, 1104, 84, 603, 93, 94, 1119, 97, 1121, 1125, 102, 1126, 1128, 105, 1130, 107, 108, 1132, 1136, 113, 1141, 1146, 1154, 1158, 1160, 649, 138, 1165, 150, 663, 664, 153, 1179, 156, 673, 676, 165, 1188, 167, 1189, 681, 1194, 1196, 173, 688, 1202, 189, 193, 194, 195, 196, 1220, 1222, 1224, 202, 1227, 205, 206, 207, 1229, 1230, 212, 1238, 727, 216, 728, 730, 731, 1241, 1247, 225, 737, 738, 740, 1254, 1255, 744, 1257, 1258, 1259, 1260, 749, 239, 1264, 246, 1270, 1271, 268, 271, 277, 790, 286, 288, 291, 293, 295, 810, 308, 309, 310, 312, 319, 831, 322, 326, 839, 328, 329, 330, 331, 840, 333, 334, 844, 852, 341, 855, 353, 354, 358, 361, 362, 874, 365, 878, 370, 373, 888, 379, 380, 891, 385, 389, 392, 393, 394, 904, 906, 398, 913, 406, 408, 920, 922, 411, 422, 424, 937, 429, 433, 434, 439, 443, 447, 960, 961, 451, 452, 454, 456, 462, 465, 979, 470, 471, 983, 475, 477, 990, 485, 998, 487, 490, 492, 499, 505, 508, 1017, 1023}], 34: [], 35: [], 36: [], 37: [{0, 2, 7, 8, 10, 11, 13, 16, 17, 18, 19, 23, 25, 30, 35, 36, 38, 39, 40, 45, 48, 51, 54, 56, 57, 62, 66, 67, 69, 70, 74, 75, 80, 81, 82, 84, 85, 86, 89, 91, 93, 94, 96, 97, 102, 104, 105, 107, 108, 112, 113, 119, 121, 123, 127, 131, 138, 141, 144, 150, 153, 154, 155, 156, 159, 161, 163, 164, 166, 173, 174, 177, 184, 188, 190, 193, 194, 196, 197, 202, 204, 206, 207, 208, 212, 216, 217, 221, 222, 225, 226, 232, 233, 235, 239, 247, 250, 251, 252, 253, 258, 260, 263, 271, 273, 277, 280, 281, 284, 285, 286, 287, 288, 289, 291, 292, 293, 295, 298, 306, 307, 308, 309, 310, 312, 313, 314, 315, 317, 320, 322, 325, 326, 328, 329, 331, 332, 333, 334, 335, 341, 344, 349, 353, 354, 358, 360, 361, 362, 364, 365, 369, 373, 379, 380, 382, 387, 389, 392, 393, 398, 402, 406, 408, 411, 414, 415, 420, 422, 423, 424, 428, 429, 432, 434, 435, 436, 437, 439, 440, 443, 444, 445, 447, 450, 452, 454, 455, 456, 461, 462, 464, 465, 467, 469, 470, 471, 472, 474, 475, 479, 483, 485, 487, 490, 492, 497, 499, 502, 503, 505, 508, 510, 511, 512, 522, 526, 527, 528, 534, 536, 542, 546, 547, 548, 550, 552, 557, 559, 563, 565, 566, 569, 571, 579, 581, 582, 587, 588, 591, 592, 593, 595, 596, 599, 601, 602, 603, 607, 608, 610, 613, 620, 633, 639, 642, 644, 647, 649, 650, 661, 663, 670, 673, 676, 690, 691, 697, 701, 712, 713, 723, 737, 744, 750, 760, 771, 778, 780, 781, 786, 788, 796, 817, 831, 835, 836, 840, 844, 852, 853, 854, 860, 864, 874, 875, 881, 886, 887, 888, 893, 894, 900, 904, 911, 913, 922, 925, 936, 937, 948, 956, 961, 963, 970, 972, 983, 984, 990, 998, 1003, 1016, 1017, 1021, 1022, 1023, 1027, 1033, 1038, 1040, 1046, 1049, 1051, 1054, 1056, 1057, 1058, 1059, 1061, 1062, 1063, 1064, 1066, 1067, 1068, 1069, 1070, 1072, 1073, 1074, 1075, 1080, 1081, 1083, 1084, 1085, 1087, 1088, 1089, 1090, 1091, 1093, 1096, 1097, 1099, 1102, 1103, 1106, 1107, 1114, 1119, 1121, 1126, 1128, 1130, 1132, 1136, 1140, 1142, 1146, 1147, 1152, 1153, 1154, 1158, 1160, 1161, 1162, 1163, 1171, 1174, 1175, 1179, 1180, 1185, 1189, 1191, 1194, 1198, 1200, 1202, 1207, 1210, 1211, 1212, 1217, 1218, 1219, 1220, 1222, 1223, 1224, 1225, 1227, 1228, 1229, 1230, 1231, 1232, 1236, 1238, 1239, 1242, 1245, 1247, 1248, 1249, 1250, 1251, 1252, 1254, 1255, 1256, 1257, 1258, 1259, 1262, 1264, 1272}, {0, 7, 522, 11, 527, 528, 19, 23, 25, 1023, 1054, 1056, 1058, 547, 36, 548, 1059, 1063, 1064, 1068, 45, 557, 1069, 1070, 1073, 1074, 563, 1075, 565, 54, 566, 1080, 57, 569, 1084, 62, 1088, 1089, 1090, 579, 1091, 581, 582, 1093, 1096, 1097, 75, 1099, 1102, 1103, 80, 81, 595, 84, 85, 86, 1107, 89, 601, 91, 602, 603, 94, 607, 608, 1119, 1126, 1128, 112, 113, 1136, 1140, 1142, 1147, 127, 639, 1152, 642, 131, 644, 1153, 1154, 1160, 1161, 138, 1162, 1163, 141, 144, 1174, 154, 155, 1179, 1180, 670, 163, 1189, 166, 1194, 173, 174, 690, 1207, 184, 697, 188, 190, 193, 194, 1217, 1220, 197, 1222, 712, 1224, 202, 1229, 207, 217, 1245, 222, 1248, 737, 226, 1250, 1251, 1255, 744, 233, 1256, 1257, 1259, 750, 247, 1272, 250, 251, 253, 258, 771, 778, 781, 271, 786, 788, 277, 281, 284, 285, 796, 287, 288, 289, 291, 293, 295, 298, 817, 307, 308, 310, 312, 313, 314, 315, 831, 836, 325, 326, 840, 331, 332, 333, 334, 852, 344, 349, 864, 354, 362, 874, 365, 887, 888, 379, 380, 893, 382, 894, 900, 392, 393, 398, 406, 420, 423, 936, 428, 429, 434, 436, 948, 439, 440, 443, 444, 445, 970, 972, 465, 467, 469, 472, 984, 474, 483, 485, 487, 490, 492, 497, 499, 502, 1016, 1017, 508, 510, 511}, {0, 1152, 642, 392, 1160, 138, 11, 1161, 398, 528, 406, 23, 796, 1054, 287, 291, 548, 1059, 166, 423, 936, 1068, 1069, 817, 1073, 1074, 1075, 54, 566, 312, 57, 313, 314, 1084, 445, 62, 831, 1090, 1091, 325, 326, 582, 1093, 1096, 202, 75, 331, 332, 80, 81, 465, 467, 84, 469, 86, 472, 602, 222, 1255, 1256, 1257, 362, 490, 492, 1259, 113, 1272, 250, 380, 1023}, {1152, 138, 398, 287, 291, 1059, 423, 936, 1073, 1075, 314, 445, 1090, 325, 326, 1096, 202, 75, 331, 332, 465, 84, 472, 222, 1255, 1257, 362, 490, 492, 1272, 380}, {1090, 291, 1059, 325, 326, 423, 1257, 202, 75, 490, 492, 398, 1075}, {291, 1059, 325, 1257, 490, 492, 398}, {1257, 490, 325, 398}, {1257, 490, 398}, {490, 398}, {490, 398}, {490, 398}], 38: [], 39: [], 40: [], 41: [], 42: [], 43: [], 44: [{257, 642, 771, 521, 138, 650, 526, 15, 528, 1040, 406, 1049, 1051, 1179, 925, 289, 291, 548, 38, 424, 937, 1194, 427, 173, 429, 559, 1075, 309, 437, 183, 1079, 1207, 314, 443, 570, 699, 190, 319, 447, 831, 450, 195, 1208, 1218, 326, 1096, 1097, 202, 331, 1229, 206, 462, 80, 465, 1230, 727, 1241, 93, 222, 1246, 1247, 353, 503, 1123, 487, 1257, 490, 1130, 749, 1134, 497, 499, 1268, 247, 251, 127}, {642, 521, 15, 1040, 1051, 548, 1194, 427, 1079, 183, 570, 450, 80, 465, 1241, 93, 353, 1123, 1257, 490, 1134, 497, 1268, 127}], 45: [], 46: [], 47: [], 48: [{1123, 521, 490, 427, 1134, 1040, 127}], 49: [], 50: [], 51: [], 52: [], 53: [], 54: []}
Total MEscore: 72
Time:  258.03475561800224
