Input file: tests/treefam.txt
Interval Limit: 7
Max number of converted speciations: -1
Output file: results/out_treefam_7_-1.csv


Running ILP model
Size of input data: n = 28 , m = 40520 , maxdup = 39246
Using license file /home/voronwe/gurobi.lic
Academic license - for non-commercial use only
Gurobi Optimizer version 9.0.1 build v9.0.1rc0 (linux64)
Optimize a model with 2576474 rows, 4748821 columns and 5076741 nonzeros
Model fingerprint: 0x47916475
Model has 35672 quadratic constraints
Model has 136567 general constraints
Variable types: 0 continuous, 4748821 integer (2433252 binary)
Coefficient statistics:
  Matrix range     [1e+00, 5e+01]
  QMatrix range    [1e+00, 1e+00]
  QLMatrix range   [1e+00, 1e+00]
  Objective range  [1e+00, 1e+00]
  Bounds range     [1e+00, 1e+00]
  RHS range        [1e+00, 5e+01]
Presolve removed 2541858 rows and 4571292 columns (presolve time = 5s) ...
Presolve removed 2748550 rows and 4748570 columns (presolve time = 10s) ...
Presolve removed 2353923 rows and 4550269 columns
Presolve time: 11.40s
Presolved: 446269 rows, 263505 columns, 1388930 nonzeros
Variable types: 0 continuous, 263505 integer (216222 binary)
Found heuristic solution: objective 255.0000000

Deterministic concurrent LP optimizer: primal and dual simplex
Showing first log only...


Root simplex log...

Iteration    Objective       Primal Inf.    Dual Inf.      Time
       0    0.0000000e+00   1.093042e+04   2.185642e+10     23s
   45815    4.6618730e+01   0.000000e+00   4.370110e+01     25s
   53326    4.4206921e+01   0.000000e+00   3.601235e+01     30s
Concurrent spin time: 0.00s

Solved with dual simplex

Root relaxation: objective 4.258583e+01, 121765 iterations, 8.43 seconds
Total elapsed time = 30.20s

    Nodes    |    Current Node    |     Objective Bounds      |     Work
 Expl Unexpl |  Obj  Depth IntInf | Incumbent    BestBd   Gap | It/Node Time

     0     0   42.58583    0 6551  255.00000   42.58583  83.3%     -   35s
H    0     0                      66.0000000   42.58583  35.5%     -   35s
H    0     0                      45.0000000   42.58583  5.36%     -   36s
     0     0   43.40602    0 7046   45.00000   43.40602  3.54%     -   46s
H    0     0                      44.0000000   43.40602  1.35%     -   49s
     0     0   43.40602    0 7046   44.00000   43.40602  1.35%     -   49s

Cutting planes:
  Learned: 1
  Gomory: 2
  Cover: 859
  Implied bound: 127
  Clique: 282
  MIR: 504
  StrongCG: 193
  GUB cover: 138
  Zero half: 15
  RLT: 30
  Relax-and-lift: 271

Explored 1 nodes (215809 simplex iterations) in 49.08 seconds
Thread count was 12 (of 12 available processors)

Solution count 4: 44 45 66 255 

Optimal solution found (tolerance 1.00e-04)
Best objective 4.400000000000e+01, best bound 4.400000000000e+01, gap 0.0000%
Gene tree support:
{0: [{0, 1, 2, 3, 4, 5, 6, 7, 8, 9, 10, 11, 12, 13, 14, 15, 16, 17, 18, 19, 20, 21, 22, 23, 24, 25, 26, 27, 28, 29, 30, 31, 32, 33, 34, 35, 37, 38, 39, 40, 41, 42, 43, 44, 45, 46, 47, 48, 49, 50, 51, 52, 54, 55, 56, 57, 58, 59, 60, 61, 62, 63, 64, 65, 66, 67, 68, 69, 70, 71, 72, 73, 74, 75, 77, 78, 79, 80, 81, 82, 83, 84, 85, 86, 88, 89, 90, 91, 92, 93, 94, 95, 96, 97, 98, 99, 100, 102, 103, 104, 105, 106, 107, 108, 109, 110, 111, 112, 113, 114, 115, 116, 117, 118, 119, 120, 121, 122, 123, 124, 125, 126, 127, 128, 129, 130, 131, 133, 134, 135, 136, 137, 138, 139, 140, 141, 142, 143, 144, 145, 146, 147, 148, 149, 150, 151, 152, 153, 154, 155, 156, 157, 158, 159, 161, 162, 163, 164, 165, 166, 167, 168, 169, 170, 171, 172, 173, 174, 175, 176, 177, 178, 179, 180, 181, 182, 183, 184, 185, 186, 187, 188, 189, 190, 191, 192, 193, 194, 195, 196, 197, 198, 199, 200, 201, 202, 203, 204, 206, 207, 208, 209, 210, 211, 212, 213, 216, 217, 218, 219, 220, 221, 222, 223, 224, 226, 227, 228, 229, 230, 231, 232, 233, 234, 235, 236, 237, 238, 239, 240, 241, 242, 243, 244, 245, 246, 247, 248, 249, 250, 251, 252, 253, 254, 255, 256, 257, 258, 259, 260, 261, 262, 263, 264, 265, 266, 267, 268, 269, 270, 271, 272, 273, 274, 275, 276, 277, 278, 279, 280, 281, 282, 283, 284, 285, 286, 287, 288, 289, 291, 292, 293, 294, 295, 296, 297, 298, 299, 300, 302, 303, 304, 306, 307, 308, 309, 310, 311, 312, 313, 314, 315, 316, 317, 318, 319, 320, 321, 322, 323, 325, 326, 327, 328, 329, 330, 331, 332, 333, 334, 335, 336, 337, 338, 339, 340, 341, 342, 343, 344, 345, 346, 347, 348, 349, 350, 351, 352, 353, 354, 355, 356, 357, 358, 359, 360, 361, 362, 363, 364, 365, 366, 367, 368, 369, 370, 371, 372, 373, 374, 375, 376, 377, 378, 380, 381, 382, 383, 384, 385, 387, 388, 389, 390, 391, 392, 393, 394, 395, 396, 397, 398, 399, 400, 401, 402, 403, 404, 405, 406, 407, 408, 409, 410, 411, 412, 413, 414, 415, 416, 417, 418, 419, 420, 421, 422, 423, 424, 425, 426, 427, 428, 429, 430, 431, 432, 433, 434, 435, 436, 437, 438, 439, 440, 441, 442, 443, 444, 445, 446, 447, 448, 449, 450, 451, 452, 453, 454, 455, 456, 457, 458, 459, 460, 461, 462, 463, 464, 465, 466, 467, 468, 469, 470, 471, 472, 473, 474, 475, 476, 477, 478, 479, 480, 481, 482, 483, 484, 485, 486, 487, 488, 489, 490, 491, 492, 493, 494, 495, 496, 497, 498, 499, 500, 501, 502, 503, 504, 505, 506, 507, 508, 509, 510, 511, 512, 515, 516, 517, 519, 521, 522, 523, 525, 526, 527, 528, 529, 530, 531, 532, 533, 534, 535, 536, 538, 539, 540, 541, 542, 543, 544, 546, 547, 548, 549, 550, 551, 552, 553, 554, 555, 556, 557, 558, 559, 560, 561, 562, 563, 564, 565, 566, 567, 568, 569, 570, 571, 572, 573, 574, 575, 577, 578, 579, 581, 582, 583, 584, 585, 586, 587, 588, 589, 590, 591, 592, 593, 594, 595, 596, 597, 598, 599, 600, 601, 602, 603, 604, 605, 606, 607, 608, 609, 610, 611, 612, 613, 614, 615, 616, 617, 618, 619, 620, 621, 622, 623, 624, 625, 626, 627, 628, 629, 630, 631, 632, 633, 634, 635, 636, 637, 638, 639, 640, 641, 642, 643, 644, 645, 646, 647, 648, 649, 650, 651, 652, 653, 654, 655, 656, 657, 658, 659, 660, 661, 662, 663, 664, 665, 666, 667, 668, 669, 670, 671, 672, 673, 674, 675, 676, 677, 678, 679, 680, 681, 682, 683, 684, 685, 686, 687, 688, 689, 690, 691, 692, 693, 694, 695, 696, 697, 698, 699, 700, 701, 702, 703, 704, 705, 706, 707, 709, 710, 711, 712, 713, 714, 715, 716, 717, 718, 719, 720, 721, 722, 723, 724, 725, 726, 727, 728, 729, 730, 731, 732, 733, 734, 735, 736, 737, 738, 739, 740, 741, 742, 743, 744, 745, 746, 747, 748, 749, 750, 751, 752, 753, 754, 755, 756, 757, 758, 759, 760, 761, 762, 763, 764, 765, 766, 767, 768, 769, 770, 771, 772, 773, 774, 775, 776, 777, 778, 779, 780, 781, 782, 783, 784, 785, 786, 787, 788, 789, 790, 791, 792, 793, 794, 795, 796, 797, 798, 799, 800, 801, 802, 803, 804, 805, 806, 807, 808, 809, 810, 811, 812, 813, 814, 815, 816, 817, 818, 819, 820, 821, 822, 823, 824, 825, 826, 827, 828, 829, 830, 831, 832, 833, 834, 835, 836, 837, 838, 839, 840, 841, 842, 843, 844, 845, 846, 847, 848, 849, 850, 851, 852, 853, 854, 855, 856, 857, 858, 859, 860, 861, 862, 863, 864, 865, 866, 867, 868, 869, 870, 871, 872, 873, 874, 875, 876, 877, 878, 879, 880, 881, 882, 883, 884, 885, 886, 887, 888, 889, 890, 891, 892, 893, 894, 895, 896, 897, 898, 899, 900, 901, 902, 903, 904, 905, 906, 907, 908, 909, 910, 911, 912, 913, 914, 915, 916, 917, 918, 919, 920, 921, 922, 923, 924, 925, 926, 927, 928, 929, 930, 931, 932, 933, 934, 935, 936, 937, 938, 939, 940, 941, 942, 943, 944, 945, 946, 947, 948, 949, 950, 951, 952, 953, 954, 955, 956, 957, 958, 959, 960, 961, 962, 963, 964, 965, 966, 967, 968, 969, 970, 971, 972, 973, 974, 975, 976, 977, 978, 979, 980, 981, 982, 983, 984, 985, 986, 987, 988, 989, 990, 991, 992, 993, 994, 995, 996, 997, 998, 999, 1000, 1001, 1002, 1003, 1005, 1006, 1007, 1008, 1009, 1010, 1011, 1012, 1013, 1014, 1015, 1016, 1017, 1018, 1019, 1020, 1021, 1022, 1023, 1024, 1025, 1026, 1027, 1028, 1029, 1030, 1032, 1033, 1034, 1035, 1036, 1037, 1038, 1039, 1040, 1041, 1042, 1043, 1044, 1045, 1046, 1047, 1048, 1049, 1050, 1051, 1052, 1053, 1054, 1055, 1056, 1057, 1058, 1059, 1060, 1061, 1062, 1063, 1064, 1065, 1066, 1067, 1068, 1069, 1070, 1071, 1072, 1073, 1074, 1075, 1076, 1077, 1078, 1079, 1080, 1081, 1082, 1083, 1084, 1085, 1086, 1087, 1088, 1089, 1090, 1091, 1092, 1093, 1094, 1095, 1096, 1097, 1098, 1099, 1100, 1101, 1102, 1103, 1104, 1105, 1106, 1107, 1108, 1109, 1110, 1111, 1112, 1113, 1114, 1115, 1116, 1117, 1118, 1119, 1120, 1121, 1122, 1123, 1124, 1125, 1126, 1127, 1128, 1129, 1130, 1131, 1132, 1133, 1134, 1135, 1136, 1137, 1138, 1139, 1140, 1141, 1142, 1144, 1146, 1147, 1148, 1149, 1150, 1151, 1152, 1153, 1154, 1156, 1157, 1158, 1159, 1160, 1161, 1162, 1163, 1164, 1165, 1166, 1167, 1168, 1169, 1171, 1172, 1173, 1174, 1175, 1176, 1177, 1178, 1179, 1180, 1181, 1182, 1183, 1184, 1185, 1186, 1187, 1188, 1189, 1191, 1192, 1193, 1194, 1195, 1196, 1197, 1198, 1199, 1200, 1201, 1202, 1203, 1204, 1205, 1206, 1207, 1208, 1209, 1210, 1211, 1212, 1213, 1214, 1216, 1217, 1218, 1219, 1220, 1221, 1222, 1223, 1224, 1225, 1226, 1227, 1228, 1229, 1230, 1231, 1232, 1233, 1234, 1235, 1236, 1237, 1238, 1239, 1240, 1241, 1242, 1243, 1244, 1245, 1246, 1247, 1248, 1249, 1250, 1251, 1252, 1253, 1254, 1255, 1256, 1257, 1258, 1259, 1260, 1261, 1262, 1263, 1264, 1265, 1267, 1268, 1269, 1270, 1271, 1272, 1273}, {0, 1, 2, 3, 4, 5, 6, 7, 8, 9, 10, 11, 12, 13, 14, 15, 16, 17, 18, 19, 20, 21, 22, 23, 24, 25, 26, 27, 29, 30, 31, 32, 33, 34, 35, 37, 38, 39, 40, 41, 42, 43, 44, 45, 46, 47, 48, 50, 51, 52, 54, 55, 56, 57, 58, 59, 60, 61, 62, 63, 64, 65, 66, 67, 68, 69, 70, 71, 72, 73, 74, 75, 77, 78, 79, 80, 81, 82, 83, 84, 85, 86, 88, 89, 90, 91, 92, 93, 94, 95, 96, 97, 99, 102, 103, 104, 105, 106, 107, 108, 109, 110, 111, 112, 113, 114, 115, 116, 117, 118, 119, 120, 121, 123, 124, 125, 126, 127, 128, 129, 130, 131, 133, 134, 135, 136, 137, 138, 139, 140, 141, 142, 143, 144, 145, 146, 147, 148, 149, 150, 151, 152, 153, 154, 155, 156, 157, 158, 159, 161, 162, 163, 164, 165, 166, 167, 168, 169, 170, 171, 172, 173, 174, 175, 176, 177, 178, 179, 180, 181, 182, 183, 184, 185, 186, 187, 188, 189, 190, 191, 192, 193, 194, 195, 196, 197, 198, 199, 200, 201, 202, 203, 204, 206, 207, 208, 209, 210, 211, 212, 213, 216, 217, 218, 219, 220, 221, 222, 223, 226, 227, 228, 230, 231, 232, 233, 234, 235, 236, 237, 238, 239, 240, 241, 242, 243, 244, 245, 246, 247, 248, 249, 250, 251, 252, 253, 254, 255, 256, 257, 258, 259, 260, 261, 262, 263, 264, 265, 266, 267, 268, 269, 270, 271, 272, 273, 274, 275, 276, 277, 278, 279, 280, 281, 282, 283, 284, 285, 286, 287, 288, 289, 291, 292, 293, 294, 295, 296, 297, 298, 300, 302, 303, 304, 306, 307, 308, 309, 310, 311, 312, 314, 315, 316, 317, 318, 319, 320, 321, 322, 325, 326, 327, 328, 329, 330, 331, 332, 333, 334, 335, 336, 337, 338, 339, 340, 341, 342, 343, 344, 345, 346, 347, 348, 349, 350, 351, 352, 353, 354, 355, 356, 357, 358, 359, 360, 361, 362, 363, 364, 365, 366, 367, 368, 369, 370, 371, 372, 373, 374, 375, 376, 377, 378, 380, 381, 382, 383, 384, 385, 387, 388, 389, 390, 391, 392, 393, 394, 395, 396, 397, 398, 399, 400, 401, 402, 403, 404, 405, 406, 407, 408, 409, 410, 411, 412, 413, 414, 415, 416, 417, 418, 419, 420, 421, 422, 423, 424, 425, 426, 427, 428, 429, 430, 431, 432, 433, 434, 435, 436, 437, 438, 439, 440, 441, 442, 443, 444, 445, 446, 447, 449, 450, 451, 452, 453, 454, 455, 456, 457, 458, 459, 460, 461, 462, 463, 464, 465, 466, 467, 468, 469, 470, 471, 472, 473, 474, 475, 476, 477, 478, 479, 480, 481, 482, 483, 484, 485, 486, 487, 488, 489, 490, 491, 492, 493, 494, 495, 497, 498, 499, 500, 501, 502, 503, 504, 505, 506, 507, 508, 509, 510, 511, 512, 516, 517, 519, 521, 522, 523, 525, 526, 527, 528, 529, 530, 531, 532, 533, 534, 535, 536, 538, 539, 540, 541, 542, 543, 544, 546, 547, 548, 549, 550, 551, 552, 553, 554, 555, 556, 557, 558, 559, 560, 561, 562, 563, 564, 565, 566, 567, 568, 569, 570, 571, 572, 573, 574, 575, 577, 578, 579, 582, 583, 584, 585, 586, 587, 588, 589, 590, 591, 592, 593, 594, 595, 596, 597, 598, 599, 600, 601, 602, 603, 604, 605, 606, 607, 608, 609, 610, 611, 612, 613, 614, 615, 616, 617, 618, 619, 620, 621, 622, 623, 624, 625, 626, 627, 628, 629, 630, 631, 632, 633, 634, 635, 637, 638, 639, 640, 641, 642, 643, 644, 645, 646, 647, 648, 649, 650, 651, 652, 653, 654, 655, 656, 657, 658, 659, 660, 661, 662, 663, 664, 665, 666, 667, 668, 669, 670, 671, 672, 673, 674, 675, 676, 677, 678, 679, 680, 681, 682, 683, 684, 685, 686, 687, 688, 689, 690, 691, 692, 693, 694, 695, 696, 697, 698, 699, 700, 701, 702, 703, 704, 705, 706, 707, 709, 710, 711, 712, 713, 714, 715, 716, 717, 718, 719, 720, 721, 722, 723, 724, 725, 726, 727, 728, 729, 730, 731, 732, 733, 734, 735, 736, 737, 738, 739, 740, 741, 742, 743, 744, 745, 746, 747, 748, 749, 750, 751, 752, 753, 754, 755, 756, 757, 758, 759, 760, 761, 762, 763, 764, 765, 766, 767, 768, 769, 770, 771, 772, 773, 775, 776, 777, 778, 779, 780, 781, 782, 783, 784, 785, 786, 787, 788, 789, 790, 791, 792, 793, 794, 795, 796, 797, 798, 799, 800, 801, 802, 803, 804, 805, 806, 807, 808, 809, 810, 811, 812, 813, 814, 815, 816, 817, 818, 819, 820, 821, 822, 823, 824, 825, 826, 827, 828, 829, 830, 831, 832, 833, 834, 835, 836, 837, 838, 839, 840, 841, 842, 843, 844, 846, 847, 848, 849, 850, 851, 852, 853, 854, 855, 856, 857, 858, 859, 860, 861, 862, 863, 864, 865, 866, 867, 868, 869, 870, 871, 872, 873, 874, 875, 876, 877, 878, 879, 880, 881, 882, 883, 884, 885, 886, 887, 888, 889, 890, 891, 892, 893, 894, 895, 896, 897, 898, 899, 900, 901, 902, 903, 904, 905, 906, 907, 908, 909, 910, 911, 912, 913, 914, 915, 916, 917, 918, 919, 920, 921, 922, 923, 924, 925, 926, 927, 928, 929, 930, 931, 932, 933, 934, 935, 936, 937, 938, 939, 940, 941, 942, 944, 945, 946, 947, 948, 949, 950, 951, 952, 953, 954, 955, 956, 957, 958, 959, 960, 961, 962, 963, 964, 965, 966, 967, 968, 969, 970, 971, 972, 973, 974, 975, 976, 977, 978, 979, 980, 981, 982, 983, 984, 985, 986, 987, 988, 989, 990, 991, 992, 993, 994, 995, 996, 997, 998, 999, 1000, 1001, 1002, 1003, 1005, 1006, 1007, 1008, 1009, 1010, 1011, 1012, 1013, 1014, 1015, 1016, 1017, 1018, 1019, 1020, 1021, 1022, 1023, 1024, 1025, 1026, 1027, 1028, 1029, 1030, 1033, 1035, 1036, 1037, 1038, 1039, 1040, 1041, 1042, 1043, 1044, 1045, 1046, 1047, 1048, 1049, 1050, 1051, 1052, 1053, 1054, 1055, 1056, 1057, 1058, 1059, 1060, 1061, 1062, 1063, 1064, 1065, 1066, 1067, 1068, 1069, 1070, 1071, 1072, 1073, 1074, 1075, 1076, 1077, 1078, 1079, 1080, 1081, 1082, 1083, 1084, 1085, 1086, 1087, 1088, 1089, 1090, 1091, 1092, 1093, 1094, 1095, 1096, 1097, 1098, 1099, 1100, 1101, 1102, 1103, 1104, 1105, 1106, 1107, 1109, 1110, 1111, 1112, 1113, 1114, 1115, 1116, 1117, 1118, 1119, 1120, 1121, 1122, 1123, 1124, 1125, 1126, 1127, 1128, 1129, 1130, 1131, 1132, 1133, 1134, 1135, 1136, 1137, 1138, 1139, 1140, 1141, 1142, 1144, 1146, 1147, 1148, 1149, 1150, 1151, 1152, 1153, 1154, 1156, 1157, 1158, 1159, 1160, 1161, 1162, 1163, 1164, 1165, 1166, 1167, 1168, 1169, 1171, 1172, 1173, 1174, 1175, 1177, 1178, 1179, 1180, 1181, 1182, 1183, 1184, 1185, 1186, 1187, 1188, 1189, 1191, 1192, 1193, 1194, 1196, 1197, 1198, 1199, 1200, 1201, 1202, 1203, 1204, 1205, 1206, 1207, 1208, 1209, 1210, 1211, 1212, 1213, 1216, 1217, 1218, 1219, 1220, 1221, 1222, 1223, 1224, 1225, 1226, 1227, 1228, 1229, 1230, 1231, 1232, 1233, 1234, 1235, 1237, 1238, 1239, 1240, 1241, 1242, 1243, 1244, 1245, 1246, 1247, 1248, 1249, 1250, 1251, 1252, 1253, 1254, 1255, 1256, 1257, 1258, 1259, 1260, 1261, 1262, 1263, 1264, 1265, 1268, 1269, 1270, 1271, 1272, 1273}, {0, 1, 2, 3, 4, 6, 7, 8, 9, 10, 11, 12, 13, 14, 15, 16, 17, 18, 19, 20, 22, 23, 24, 25, 26, 27, 29, 30, 31, 32, 33, 34, 35, 37, 38, 39, 40, 41, 42, 43, 44, 45, 46, 47, 48, 50, 51, 52, 54, 55, 56, 57, 58, 59, 60, 61, 62, 63, 64, 65, 66, 67, 68, 69, 70, 71, 72, 73, 74, 75, 77, 78, 79, 80, 81, 82, 83, 84, 85, 86, 88, 89, 90, 91, 92, 93, 94, 95, 96, 97, 102, 104, 105, 107, 108, 109, 110, 111, 112, 113, 114, 115, 116, 118, 119, 120, 121, 123, 124, 125, 126, 127, 128, 129, 130, 131, 133, 134, 135, 136, 137, 138, 139, 140, 141, 143, 144, 146, 147, 148, 149, 150, 151, 152, 153, 154, 155, 156, 157, 158, 159, 161, 162, 163, 164, 165, 166, 167, 168, 169, 170, 171, 172, 173, 174, 175, 176, 177, 178, 179, 180, 181, 182, 183, 184, 185, 186, 187, 188, 189, 190, 191, 192, 193, 194, 195, 196, 197, 198, 199, 200, 202, 203, 204, 207, 208, 209, 210, 211, 212, 216, 217, 218, 219, 220, 221, 222, 223, 227, 228, 230, 232, 233, 234, 235, 236, 237, 238, 239, 240, 241, 242, 243, 244, 245, 246, 247, 248, 249, 250, 251, 252, 253, 254, 255, 256, 257, 258, 259, 260, 261, 262, 263, 264, 265, 266, 267, 268, 269, 270, 271, 272, 273, 274, 275, 276, 277, 278, 279, 280, 281, 282, 283, 284, 285, 287, 288, 289, 291, 292, 293, 294, 295, 296, 297, 298, 300, 302, 303, 304, 306, 307, 308, 309, 310, 312, 314, 315, 316, 317, 318, 319, 320, 321, 322, 325, 326, 327, 328, 329, 330, 331, 332, 333, 334, 335, 336, 337, 338, 339, 340, 341, 342, 344, 345, 347, 348, 349, 350, 351, 352, 353, 354, 355, 356, 357, 358, 359, 360, 361, 362, 363, 364, 365, 366, 367, 368, 369, 370, 371, 372, 373, 374, 375, 376, 377, 378, 380, 381, 382, 383, 384, 385, 387, 388, 389, 390, 391, 392, 393, 394, 395, 397, 398, 399, 400, 401, 402, 403, 404, 405, 406, 407, 408, 409, 410, 411, 412, 413, 414, 415, 416, 417, 419, 420, 421, 422, 423, 424, 425, 426, 427, 428, 429, 430, 431, 432, 433, 434, 435, 436, 437, 438, 439, 440, 441, 442, 443, 444, 445, 446, 447, 449, 450, 451, 452, 453, 454, 455, 456, 457, 458, 459, 460, 461, 462, 463, 464, 465, 466, 467, 468, 469, 470, 471, 472, 473, 474, 475, 477, 478, 479, 481, 482, 483, 484, 485, 486, 487, 488, 489, 490, 491, 492, 493, 494, 495, 497, 498, 499, 500, 501, 502, 503, 504, 505, 506, 507, 508, 509, 510, 511, 512, 517, 519, 521, 522, 523, 525, 526, 527, 528, 529, 530, 532, 533, 534, 535, 536, 538, 539, 540, 541, 542, 543, 544, 546, 547, 548, 549, 550, 552, 553, 554, 555, 556, 557, 558, 559, 561, 562, 563, 564, 565, 566, 567, 568, 569, 570, 571, 572, 573, 574, 575, 577, 578, 579, 582, 583, 584, 585, 586, 587, 588, 589, 590, 591, 593, 594, 595, 596, 597, 599, 600, 601, 602, 603, 604, 605, 606, 607, 608, 609, 610, 611, 612, 613, 614, 615, 616, 617, 618, 619, 620, 621, 622, 623, 624, 625, 626, 627, 628, 629, 630, 631, 632, 633, 634, 635, 637, 638, 639, 640, 641, 642, 643, 644, 645, 646, 647, 648, 649, 650, 651, 652, 653, 654, 655, 656, 657, 658, 659, 660, 661, 662, 663, 664, 665, 666, 667, 668, 669, 670, 671, 672, 673, 674, 675, 676, 677, 678, 679, 680, 681, 682, 683, 684, 685, 686, 687, 688, 689, 690, 691, 692, 693, 694, 695, 696, 697, 698, 699, 700, 701, 702, 703, 704, 705, 706, 707, 709, 710, 711, 712, 713, 714, 715, 716, 717, 718, 719, 720, 721, 722, 723, 724, 725, 726, 727, 728, 729, 730, 731, 732, 733, 734, 735, 736, 737, 738, 739, 740, 741, 742, 743, 744, 745, 746, 747, 748, 749, 750, 751, 752, 753, 754, 755, 756, 757, 758, 759, 760, 761, 762, 763, 764, 766, 767, 768, 769, 771, 772, 773, 775, 776, 777, 778, 779, 780, 781, 782, 783, 784, 785, 786, 787, 788, 789, 790, 791, 792, 793, 794, 795, 796, 797, 798, 799, 800, 801, 802, 803, 804, 805, 806, 807, 808, 809, 810, 811, 812, 813, 814, 815, 816, 817, 818, 819, 820, 821, 822, 823, 824, 825, 826, 827, 828, 829, 830, 831, 832, 833, 834, 835, 836, 837, 838, 839, 840, 841, 842, 843, 844, 846, 847, 848, 849, 850, 851, 852, 853, 854, 855, 856, 857, 858, 859, 860, 861, 862, 863, 864, 865, 866, 867, 868, 869, 870, 871, 872, 873, 874, 875, 876, 877, 878, 879, 880, 881, 882, 883, 884, 885, 886, 887, 888, 889, 890, 891, 892, 893, 894, 895, 896, 897, 898, 899, 900, 901, 902, 903, 904, 905, 906, 907, 908, 909, 910, 911, 912, 913, 914, 915, 916, 917, 918, 919, 920, 921, 922, 923, 924, 925, 926, 927, 929, 930, 931, 932, 933, 934, 935, 936, 937, 938, 939, 940, 941, 942, 944, 945, 946, 947, 948, 949, 950, 951, 952, 953, 954, 955, 956, 957, 958, 959, 960, 961, 962, 963, 964, 965, 966, 967, 968, 969, 970, 971, 972, 973, 974, 975, 976, 977, 978, 979, 980, 981, 982, 983, 984, 985, 986, 987, 988, 989, 990, 991, 992, 993, 994, 995, 996, 997, 998, 999, 1000, 1001, 1002, 1003, 1005, 1006, 1007, 1008, 1009, 1010, 1011, 1012, 1013, 1014, 1015, 1016, 1017, 1018, 1019, 1020, 1021, 1022, 1023, 1024, 1025, 1026, 1027, 1028, 1029, 1030, 1033, 1035, 1036, 1037, 1038, 1039, 1040, 1041, 1042, 1043, 1044, 1045, 1046, 1047, 1048, 1049, 1050, 1052, 1053, 1054, 1055, 1056, 1057, 1058, 1059, 1060, 1061, 1062, 1063, 1064, 1065, 1066, 1067, 1068, 1069, 1070, 1071, 1072, 1073, 1074, 1075, 1076, 1077, 1078, 1079, 1080, 1081, 1082, 1083, 1084, 1085, 1086, 1087, 1088, 1089, 1090, 1091, 1092, 1093, 1094, 1095, 1096, 1097, 1098, 1099, 1100, 1101, 1102, 1103, 1104, 1105, 1106, 1107, 1109, 1110, 1111, 1112, 1113, 1114, 1115, 1116, 1118, 1119, 1120, 1121, 1122, 1123, 1124, 1125, 1126, 1127, 1128, 1129, 1130, 1131, 1132, 1133, 1134, 1135, 1136, 1137, 1138, 1139, 1140, 1141, 1142, 1144, 1146, 1147, 1148, 1150, 1151, 1152, 1153, 1154, 1156, 1157, 1158, 1159, 1160, 1161, 1162, 1165, 1169, 1171, 1175, 1177, 1178, 1179, 1180, 1181, 1182, 1183, 1184, 1185, 1186, 1187, 1188, 1189, 1191, 1192, 1193, 1194, 1196, 1197, 1198, 1199, 1200, 1201, 1202, 1203, 1204, 1205, 1206, 1207, 1208, 1209, 1210, 1211, 1212, 1213, 1216, 1217, 1218, 1219, 1220, 1221, 1222, 1223, 1224, 1225, 1226, 1227, 1228, 1229, 1230, 1231, 1232, 1233, 1234, 1235, 1238, 1239, 1240, 1241, 1242, 1246, 1247, 1248, 1249, 1250, 1251, 1252, 1253, 1254, 1255, 1256, 1257, 1258, 1259, 1260, 1261, 1262, 1263, 1264, 1265, 1268, 1269, 1270, 1271, 1272, 1273}, {0, 1, 2, 3, 4, 6, 7, 8, 9, 10, 11, 12, 13, 14, 15, 16, 17, 18, 19, 20, 22, 23, 24, 25, 26, 27, 29, 30, 31, 32, 34, 35, 37, 38, 39, 40, 41, 43, 44, 45, 48, 51, 52, 54, 55, 56, 57, 58, 59, 60, 61, 62, 63, 64, 65, 66, 67, 68, 69, 70, 71, 72, 73, 74, 75, 77, 78, 79, 80, 81, 82, 84, 85, 86, 88, 89, 90, 91, 92, 93, 94, 95, 96, 97, 104, 105, 107, 108, 109, 110, 111, 112, 114, 115, 116, 118, 119, 120, 121, 123, 124, 126, 127, 129, 130, 131, 134, 135, 136, 138, 139, 140, 141, 143, 144, 146, 147, 149, 150, 151, 152, 153, 154, 155, 156, 158, 159, 161, 162, 163, 164, 165, 166, 167, 168, 169, 170, 171, 172, 173, 174, 175, 176, 177, 178, 179, 180, 181, 182, 183, 184, 185, 186, 187, 188, 189, 190, 191, 192, 193, 194, 196, 197, 198, 199, 200, 202, 203, 204, 207, 208, 209, 210, 211, 212, 216, 217, 218, 219, 220, 222, 223, 227, 232, 233, 234, 235, 237, 238, 239, 240, 241, 242, 243, 244, 245, 246, 247, 248, 249, 250, 251, 252, 253, 254, 255, 256, 257, 258, 259, 260, 261, 262, 263, 264, 265, 266, 267, 268, 269, 270, 271, 272, 273, 274, 275, 276, 277, 278, 279, 280, 281, 282, 284, 285, 287, 288, 289, 291, 292, 293, 294, 295, 296, 297, 298, 300, 302, 303, 304, 306, 307, 308, 309, 310, 312, 314, 315, 316, 317, 318, 319, 320, 321, 322, 325, 326, 328, 329, 330, 331, 332, 333, 334, 336, 337, 339, 341, 342, 344, 345, 347, 348, 349, 350, 351, 352, 353, 354, 355, 356, 357, 358, 359, 360, 361, 362, 363, 364, 365, 366, 367, 368, 369, 370, 371, 372, 373, 374, 376, 377, 378, 380, 381, 382, 383, 384, 385, 387, 388, 389, 390, 391, 392, 393, 394, 395, 397, 398, 399, 400, 401, 402, 403, 404, 405, 406, 407, 408, 409, 410, 411, 412, 413, 414, 415, 416, 419, 420, 421, 422, 423, 424, 425, 426, 428, 429, 430, 431, 432, 433, 434, 435, 436, 437, 438, 439, 440, 441, 442, 443, 444, 446, 447, 449, 450, 451, 452, 453, 455, 456, 457, 458, 459, 460, 461, 462, 463, 464, 465, 466, 468, 469, 470, 471, 472, 473, 474, 475, 477, 478, 479, 481, 482, 483, 484, 485, 487, 488, 489, 490, 491, 492, 494, 497, 498, 499, 500, 501, 502, 503, 504, 505, 506, 507, 508, 509, 510, 511, 512, 517, 519, 521, 522, 523, 525, 526, 527, 528, 529, 532, 533, 534, 536, 538, 539, 540, 541, 542, 543, 544, 547, 548, 549, 550, 552, 553, 554, 555, 556, 557, 558, 559, 561, 563, 564, 565, 566, 567, 569, 570, 571, 572, 573, 574, 577, 578, 579, 582, 583, 584, 585, 586, 587, 588, 589, 590, 591, 593, 594, 595, 597, 599, 601, 602, 603, 604, 605, 606, 607, 608, 609, 610, 611, 612, 613, 614, 615, 616, 617, 618, 619, 621, 622, 623, 624, 625, 626, 627, 628, 629, 630, 631, 632, 633, 635, 637, 638, 639, 640, 641, 642, 643, 644, 645, 646, 647, 648, 649, 650, 651, 652, 653, 654, 655, 656, 657, 658, 659, 660, 661, 662, 663, 664, 665, 666, 667, 668, 669, 670, 671, 672, 673, 674, 675, 676, 677, 679, 680, 681, 682, 683, 684, 685, 686, 687, 688, 689, 690, 691, 692, 693, 694, 695, 696, 697, 699, 700, 701, 702, 703, 704, 705, 706, 707, 709, 710, 711, 712, 713, 714, 715, 716, 717, 718, 719, 720, 721, 722, 723, 724, 725, 726, 727, 728, 729, 730, 731, 732, 733, 734, 735, 737, 738, 739, 740, 741, 742, 743, 744, 745, 746, 747, 748, 749, 750, 751, 752, 753, 754, 755, 757, 758, 759, 760, 761, 762, 763, 764, 766, 767, 768, 769, 771, 772, 773, 775, 776, 777, 778, 779, 780, 781, 783, 784, 785, 786, 787, 788, 789, 790, 791, 792, 794, 795, 796, 797, 798, 799, 800, 801, 802, 803, 804, 805, 806, 807, 808, 809, 810, 811, 812, 813, 814, 815, 816, 817, 818, 819, 820, 821, 822, 823, 824, 825, 826, 827, 828, 829, 830, 831, 832, 833, 834, 835, 836, 837, 838, 839, 840, 841, 843, 844, 846, 848, 849, 850, 851, 852, 853, 854, 855, 856, 857, 858, 859, 860, 861, 862, 863, 864, 865, 866, 867, 868, 869, 870, 871, 872, 873, 874, 875, 876, 877, 878, 879, 880, 881, 882, 883, 884, 885, 886, 887, 888, 889, 890, 891, 892, 893, 894, 895, 896, 897, 898, 899, 900, 901, 902, 903, 904, 905, 906, 907, 908, 909, 910, 911, 912, 913, 914, 915, 916, 917, 918, 919, 920, 921, 922, 923, 924, 925, 926, 927, 929, 930, 931, 932, 933, 934, 935, 936, 937, 938, 939, 940, 941, 942, 944, 945, 946, 947, 948, 949, 950, 951, 952, 953, 954, 955, 956, 958, 959, 960, 961, 963, 964, 965, 966, 967, 968, 969, 970, 971, 972, 973, 974, 975, 976, 977, 978, 979, 980, 981, 982, 983, 984, 985, 988, 989, 990, 991, 992, 993, 994, 995, 996, 997, 998, 999, 1000, 1001, 1002, 1003, 1005, 1006, 1007, 1008, 1009, 1010, 1011, 1012, 1013, 1014, 1015, 1016, 1017, 1018, 1019, 1020, 1021, 1022, 1023, 1024, 1025, 1026, 1027, 1028, 1029, 1030, 1033, 1035, 1036, 1037, 1038, 1039, 1040, 1041, 1042, 1043, 1044, 1045, 1046, 1047, 1048, 1049, 1050, 1052, 1054, 1055, 1056, 1057, 1058, 1059, 1060, 1061, 1062, 1063, 1064, 1066, 1067, 1068, 1069, 1070, 1071, 1072, 1073, 1074, 1075, 1076, 1077, 1078, 1079, 1080, 1081, 1082, 1083, 1084, 1085, 1086, 1087, 1088, 1089, 1090, 1091, 1092, 1093, 1094, 1095, 1096, 1097, 1098, 1099, 1100, 1102, 1103, 1104, 1106, 1107, 1110, 1112, 1113, 1114, 1115, 1118, 1119, 1120, 1122, 1123, 1124, 1126, 1127, 1128, 1129, 1130, 1131, 1132, 1133, 1134, 1135, 1136, 1137, 1139, 1142, 1146, 1147, 1148, 1150, 1151, 1152, 1153, 1154, 1156, 1157, 1158, 1159, 1160, 1161, 1162, 1165, 1169, 1177, 1179, 1180, 1181, 1182, 1183, 1184, 1185, 1188, 1189, 1191, 1192, 1193, 1194, 1196, 1197, 1198, 1199, 1201, 1202, 1204, 1205, 1206, 1207, 1208, 1209, 1210, 1211, 1212, 1213, 1216, 1217, 1218, 1219, 1220, 1221, 1222, 1223, 1224, 1225, 1226, 1228, 1230, 1231, 1232, 1234, 1238, 1239, 1240, 1241, 1242, 1246, 1247, 1248, 1250, 1251, 1252, 1253, 1254, 1255, 1256, 1257, 1258, 1259, 1260, 1261, 1262, 1263, 1264, 1268, 1269, 1270, 1271, 1272, 1273}, {0, 1, 2, 3, 4, 6, 7, 9, 10, 11, 12, 13, 14, 15, 16, 17, 18, 19, 20, 23, 24, 25, 26, 27, 29, 30, 31, 32, 34, 35, 37, 38, 39, 40, 41, 43, 44, 45, 48, 51, 52, 54, 55, 56, 57, 58, 59, 60, 62, 63, 64, 65, 66, 68, 70, 71, 73, 74, 75, 77, 78, 80, 81, 82, 84, 85, 86, 88, 89, 90, 91, 92, 93, 94, 95, 96, 97, 104, 105, 107, 108, 109, 112, 114, 115, 116, 118, 119, 120, 121, 123, 124, 127, 129, 130, 131, 134, 138, 139, 140, 141, 143, 146, 147, 149, 150, 151, 153, 154, 155, 156, 162, 163, 164, 165, 166, 167, 170, 171, 172, 173, 174, 175, 176, 177, 178, 179, 180, 181, 183, 184, 185, 186, 187, 188, 189, 190, 191, 192, 193, 194, 196, 198, 199, 200, 202, 203, 204, 207, 208, 209, 210, 216, 217, 218, 219, 220, 222, 223, 227, 232, 233, 234, 235, 238, 239, 240, 241, 242, 243, 244, 245, 246, 247, 248, 249, 250, 251, 252, 253, 254, 255, 256, 257, 258, 259, 260, 261, 262, 263, 264, 265, 266, 268, 269, 270, 271, 272, 273, 274, 275, 277, 278, 279, 280, 281, 282, 284, 285, 287, 288, 289, 291, 292, 293, 294, 295, 297, 298, 300, 302, 304, 306, 307, 308, 309, 310, 312, 316, 317, 318, 319, 320, 321, 322, 325, 326, 328, 330, 331, 332, 333, 336, 337, 339, 341, 342, 344, 345, 347, 348, 349, 350, 351, 352, 353, 354, 355, 357, 358, 359, 360, 361, 362, 363, 364, 365, 366, 367, 368, 369, 370, 371, 372, 373, 374, 376, 378, 380, 381, 382, 383, 384, 385, 387, 388, 389, 390, 391, 392, 393, 394, 395, 398, 399, 400, 401, 402, 403, 404, 405, 406, 407, 408, 409, 410, 411, 412, 414, 415, 416, 419, 420, 421, 422, 423, 425, 426, 429, 430, 431, 433, 434, 435, 437, 438, 439, 440, 442, 443, 444, 446, 447, 449, 450, 451, 455, 456, 457, 458, 461, 462, 464, 465, 466, 468, 469, 471, 472, 474, 475, 477, 478, 479, 481, 482, 483, 484, 485, 487, 488, 489, 490, 491, 492, 494, 497, 498, 499, 500, 501, 502, 503, 505, 506, 507, 509, 510, 512, 521, 522, 523, 525, 526, 527, 528, 529, 532, 533, 534, 536, 539, 540, 541, 543, 544, 547, 548, 549, 552, 553, 554, 555, 556, 557, 559, 561, 563, 564, 565, 566, 567, 569, 571, 572, 574, 577, 578, 579, 582, 583, 584, 585, 586, 587, 588, 589, 590, 593, 594, 595, 597, 599, 601, 602, 603, 604, 605, 606, 607, 608, 609, 610, 613, 614, 617, 618, 619, 621, 622, 624, 625, 626, 627, 628, 629, 631, 632, 633, 635, 637, 638, 639, 640, 641, 642, 643, 644, 645, 646, 647, 648, 649, 650, 651, 652, 653, 654, 655, 656, 658, 659, 660, 661, 662, 663, 664, 665, 666, 667, 668, 669, 670, 672, 673, 674, 675, 676, 677, 679, 680, 681, 682, 683, 684, 685, 686, 687, 688, 689, 690, 691, 692, 693, 694, 695, 696, 697, 699, 700, 701, 702, 703, 704, 705, 706, 707, 709, 710, 711, 712, 713, 714, 715, 716, 717, 718, 719, 720, 721, 722, 724, 725, 726, 727, 728, 729, 730, 731, 732, 733, 734, 735, 737, 738, 739, 740, 741, 742, 743, 744, 745, 746, 747, 748, 749, 750, 751, 753, 754, 757, 758, 759, 760, 761, 762, 763, 766, 767, 768, 769, 771, 772, 773, 775, 776, 777, 778, 780, 781, 783, 784, 785, 787, 788, 789, 790, 791, 792, 794, 795, 796, 797, 798, 799, 800, 801, 802, 803, 804, 805, 806, 810, 811, 812, 813, 816, 817, 818, 819, 820, 821, 822, 823, 824, 825, 826, 827, 828, 829, 830, 831, 832, 833, 834, 835, 836, 837, 838, 839, 840, 841, 844, 848, 849, 850, 851, 852, 853, 854, 855, 856, 857, 858, 859, 861, 862, 864, 865, 866, 868, 869, 870, 871, 873, 874, 875, 876, 877, 878, 879, 880, 881, 882, 883, 884, 885, 886, 887, 888, 889, 890, 891, 892, 893, 894, 895, 896, 897, 898, 899, 900, 901, 902, 903, 904, 905, 906, 907, 908, 909, 910, 911, 912, 913, 914, 915, 918, 919, 920, 921, 922, 924, 925, 926, 929, 930, 932, 933, 934, 935, 936, 938, 939, 940, 941, 942, 944, 945, 946, 947, 948, 949, 950, 951, 952, 953, 954, 955, 956, 958, 959, 960, 961, 964, 965, 966, 967, 968, 969, 970, 971, 973, 974, 975, 977, 978, 979, 980, 981, 982, 983, 984, 985, 988, 990, 991, 992, 993, 994, 995, 996, 997, 998, 999, 1000, 1001, 1002, 1003, 1005, 1007, 1008, 1010, 1011, 1012, 1013, 1014, 1015, 1016, 1020, 1021, 1022, 1023, 1024, 1025, 1026, 1027, 1028, 1029, 1030, 1033, 1035, 1037, 1039, 1040, 1041, 1042, 1043, 1044, 1046, 1047, 1049, 1050, 1052, 1054, 1055, 1056, 1057, 1058, 1059, 1060, 1061, 1062, 1063, 1066, 1067, 1068, 1069, 1070, 1071, 1072, 1073, 1074, 1075, 1077, 1078, 1079, 1080, 1081, 1082, 1083, 1084, 1085, 1086, 1087, 1088, 1089, 1090, 1091, 1092, 1093, 1094, 1096, 1097, 1098, 1099, 1100, 1102, 1103, 1104, 1106, 1107, 1110, 1112, 1113, 1114, 1115, 1118, 1119, 1123, 1126, 1127, 1128, 1129, 1130, 1132, 1133, 1134, 1136, 1137, 1139, 1142, 1146, 1147, 1148, 1150, 1151, 1152, 1153, 1154, 1156, 1157, 1158, 1159, 1160, 1161, 1162, 1179, 1180, 1181, 1183, 1184, 1189, 1193, 1194, 1196, 1197, 1198, 1199, 1201, 1202, 1205, 1207, 1208, 1209, 1210, 1211, 1212, 1213, 1216, 1217, 1218, 1219, 1220, 1221, 1223, 1224, 1225, 1226, 1228, 1231, 1232, 1234, 1238, 1239, 1240, 1241, 1242, 1246, 1247, 1248, 1250, 1251, 1252, 1253, 1254, 1255, 1256, 1257, 1258, 1259, 1260, 1261, 1262, 1263, 1264, 1270, 1271, 1272}, {0, 1, 2, 3, 4, 6, 7, 9, 10, 11, 12, 13, 14, 15, 16, 17, 18, 19, 20, 23, 24, 27, 29, 30, 31, 32, 34, 35, 37, 38, 40, 43, 44, 45, 51, 56, 57, 58, 59, 62, 65, 66, 68, 70, 71, 73, 74, 75, 77, 78, 80, 81, 82, 84, 85, 86, 89, 90, 91, 93, 94, 95, 96, 97, 104, 105, 107, 108, 109, 112, 114, 116, 118, 119, 120, 121, 129, 130, 134, 138, 139, 141, 143, 149, 150, 151, 153, 154, 155, 156, 162, 164, 165, 166, 167, 170, 172, 173, 174, 175, 176, 177, 178, 179, 180, 183, 184, 185, 186, 187, 188, 189, 190, 191, 192, 193, 194, 196, 199, 200, 202, 203, 204, 207, 208, 209, 210, 216, 217, 218, 219, 220, 222, 223, 227, 232, 233, 234, 238, 239, 240, 241, 242, 243, 244, 245, 246, 247, 248, 249, 250, 251, 252, 253, 254, 255, 257, 258, 259, 260, 261, 262, 263, 264, 265, 266, 268, 272, 273, 274, 275, 277, 278, 279, 280, 282, 284, 285, 287, 288, 289, 291, 292, 293, 294, 295, 297, 298, 300, 306, 308, 309, 310, 316, 317, 318, 319, 321, 325, 326, 330, 331, 332, 333, 336, 339, 341, 342, 344, 347, 348, 351, 353, 354, 355, 357, 358, 359, 360, 361, 362, 363, 365, 366, 368, 370, 372, 373, 374, 376, 380, 381, 382, 383, 384, 385, 387, 389, 390, 391, 392, 393, 394, 395, 398, 401, 402, 403, 404, 405, 407, 408, 409, 410, 411, 412, 416, 419, 420, 421, 422, 423, 426, 430, 433, 434, 435, 437, 438, 439, 440, 442, 443, 444, 446, 447, 450, 451, 455, 456, 458, 461, 462, 464, 465, 468, 469, 471, 472, 474, 475, 478, 479, 481, 482, 483, 484, 485, 487, 488, 489, 490, 494, 497, 498, 499, 501, 502, 503, 505, 506, 507, 509, 510, 521, 522, 523, 525, 527, 528, 529, 532, 533, 534, 536, 539, 540, 544, 547, 548, 549, 552, 553, 554, 555, 556, 557, 559, 563, 565, 566, 567, 569, 571, 572, 574, 577, 578, 579, 582, 583, 584, 585, 586, 587, 588, 589, 590, 593, 594, 595, 597, 599, 601, 602, 603, 604, 605, 606, 607, 608, 610, 613, 614, 617, 618, 619, 624, 625, 627, 628, 629, 631, 632, 633, 635, 639, 640, 641, 642, 643, 644, 645, 646, 647, 648, 649, 650, 651, 652, 653, 654, 655, 656, 658, 659, 660, 661, 662, 663, 665, 666, 667, 668, 669, 670, 672, 673, 674, 675, 676, 677, 679, 680, 681, 682, 683, 684, 685, 686, 687, 688, 689, 690, 692, 693, 694, 695, 699, 700, 701, 702, 703, 704, 705, 706, 707, 709, 710, 711, 712, 713, 714, 715, 716, 717, 718, 719, 720, 721, 722, 724, 725, 726, 727, 728, 729, 730, 731, 732, 733, 734, 735, 737, 738, 739, 740, 741, 742, 743, 744, 745, 746, 748, 749, 750, 751, 753, 754, 757, 758, 760, 761, 762, 763, 766, 767, 768, 769, 771, 772, 773, 775, 777, 780, 781, 783, 784, 787, 788, 789, 791, 792, 794, 795, 797, 798, 799, 800, 801, 802, 803, 804, 805, 806, 810, 813, 817, 818, 821, 822, 823, 824, 825, 826, 827, 828, 829, 830, 831, 833, 834, 835, 836, 837, 838, 839, 840, 841, 844, 849, 850, 853, 854, 857, 858, 859, 861, 862, 864, 866, 868, 869, 870, 871, 874, 875, 878, 879, 881, 883, 884, 886, 888, 890, 891, 892, 893, 894, 900, 902, 904, 905, 906, 907, 909, 910, 911, 912, 913, 914, 918, 919, 920, 921, 924, 925, 926, 929, 930, 932, 933, 934, 935, 938, 939, 941, 945, 946, 947, 948, 950, 951, 952, 953, 954, 955, 958, 960, 964, 965, 966, 967, 969, 971, 973, 975, 977, 978, 979, 980, 981, 982, 983, 984, 988, 990, 993, 995, 1001, 1002, 1003, 1005, 1007, 1010, 1011, 1013, 1014, 1015, 1020, 1023, 1024, 1025, 1026, 1027, 1028, 1029, 1030, 1033, 1035, 1037, 1039, 1040, 1041, 1042, 1043, 1046, 1047, 1049, 1050, 1052, 1054, 1055, 1056, 1057, 1058, 1059, 1060, 1061, 1063, 1067, 1068, 1069, 1070, 1071, 1072, 1074, 1075, 1077, 1078, 1079, 1080, 1081, 1082, 1083, 1084, 1085, 1086, 1088, 1089, 1090, 1091, 1092, 1093, 1097, 1098, 1099, 1102, 1103, 1104, 1110, 1112, 1113, 1114, 1118, 1119, 1126, 1127, 1128, 1129, 1130, 1132, 1133, 1136, 1137, 1139, 1142, 1146, 1147, 1148, 1150, 1152, 1153, 1158, 1159, 1160, 1179, 1180, 1181, 1183, 1184, 1189, 1197, 1198, 1201, 1202, 1205, 1208, 1212, 1213, 1216, 1217, 1218, 1219, 1220, 1221, 1223, 1224, 1225, 1226, 1228, 1231, 1232, 1234, 1238, 1239, 1241, 1242, 1246, 1247, 1248, 1250, 1251, 1252, 1253, 1255, 1256, 1257, 1258, 1259, 1260, 1263, 1264, 1271, 1272}, {0, 1, 2, 3, 6, 7, 9, 10, 11, 14, 15, 17, 18, 19, 20, 23, 24, 27, 29, 30, 31, 32, 34, 35, 37, 40, 43, 44, 45, 51, 56, 57, 58, 59, 66, 68, 70, 71, 74, 75, 77, 78, 80, 81, 82, 84, 85, 86, 89, 90, 91, 93, 94, 95, 96, 104, 105, 107, 108, 114, 116, 118, 119, 120, 121, 129, 130, 138, 141, 149, 150, 151, 153, 154, 155, 156, 162, 164, 166, 170, 173, 174, 175, 176, 178, 179, 180, 183, 184, 185, 186, 187, 188, 189, 191, 192, 193, 194, 196, 199, 202, 203, 204, 207, 208, 209, 216, 217, 218, 219, 220, 222, 223, 227, 232, 233, 234, 238, 239, 240, 241, 242, 243, 244, 245, 246, 247, 248, 249, 250, 253, 254, 255, 257, 259, 260, 261, 262, 264, 265, 273, 274, 277, 278, 279, 284, 285, 288, 289, 291, 292, 293, 295, 297, 298, 300, 308, 309, 316, 318, 319, 325, 326, 330, 331, 332, 333, 336, 339, 344, 347, 348, 353, 354, 355, 359, 360, 361, 362, 363, 365, 366, 370, 372, 373, 374, 376, 380, 381, 382, 384, 385, 387, 389, 392, 393, 395, 398, 401, 403, 404, 405, 407, 408, 409, 410, 411, 412, 416, 422, 423, 430, 435, 437, 438, 439, 440, 443, 451, 456, 461, 462, 464, 465, 468, 469, 471, 472, 474, 475, 478, 479, 481, 484, 485, 487, 488, 489, 490, 497, 498, 499, 501, 502, 503, 506, 507, 509, 510, 521, 522, 523, 525, 527, 528, 534, 536, 539, 540, 544, 547, 548, 549, 553, 554, 555, 556, 559, 563, 565, 566, 571, 572, 577, 578, 579, 582, 583, 584, 585, 586, 587, 588, 589, 590, 593, 594, 595, 597, 599, 601, 602, 603, 604, 605, 607, 608, 610, 613, 614, 617, 618, 624, 625, 627, 631, 635, 639, 640, 641, 642, 643, 644, 645, 647, 649, 650, 654, 655, 656, 659, 660, 661, 662, 663, 665, 666, 667, 668, 669, 670, 672, 673, 674, 675, 676, 677, 679, 680, 682, 684, 685, 686, 687, 688, 689, 692, 693, 694, 695, 699, 700, 701, 702, 703, 704, 705, 706, 707, 712, 714, 715, 716, 717, 718, 719, 720, 721, 722, 724, 725, 727, 729, 731, 732, 733, 734, 735, 737, 738, 739, 740, 741, 742, 743, 744, 746, 748, 749, 750, 751, 753, 754, 757, 758, 760, 761, 762, 763, 767, 768, 769, 771, 772, 773, 775, 777, 780, 781, 784, 787, 788, 789, 791, 792, 794, 797, 798, 799, 801, 802, 803, 804, 805, 810, 813, 818, 821, 822, 823, 824, 825, 826, 827, 829, 831, 833, 834, 835, 836, 837, 838, 839, 840, 841, 844, 850, 854, 857, 858, 861, 862, 864, 870, 874, 875, 878, 879, 881, 883, 884, 888, 890, 891, 892, 893, 894, 900, 902, 906, 909, 911, 913, 919, 920, 921, 925, 926, 929, 932, 933, 934, 938, 939, 941, 946, 947, 950, 951, 952, 953, 955, 958, 960, 964, 966, 967, 969, 971, 973, 975, 978, 979, 980, 981, 982, 983, 988, 990, 995, 1001, 1002, 1005, 1010, 1013, 1014, 1015, 1023, 1024, 1025, 1026, 1027, 1028, 1029, 1030, 1033, 1035, 1037, 1039, 1040, 1043, 1046, 1049, 1050, 1052, 1054, 1055, 1056, 1058, 1059, 1060, 1061, 1063, 1067, 1068, 1069, 1070, 1071, 1072, 1074, 1075, 1077, 1078, 1080, 1081, 1082, 1083, 1084, 1085, 1086, 1088, 1089, 1090, 1091, 1093, 1097, 1098, 1099, 1102, 1103, 1104, 1110, 1112, 1113, 1114, 1118, 1119, 1127, 1128, 1129, 1130, 1132, 1133, 1136, 1137, 1146, 1147, 1152, 1158, 1159, 1179, 1180, 1183, 1184, 1197, 1198, 1201, 1205, 1212, 1216, 1217, 1220, 1221, 1223, 1224, 1225, 1226, 1228, 1231, 1232, 1234, 1238, 1239, 1242, 1246, 1247, 1248, 1250, 1251, 1252, 1255, 1257, 1264, 1271, 1272}, {0, 2, 3, 6, 10, 11, 14, 18, 19, 20, 27, 29, 30, 31, 32, 35, 44, 45, 57, 59, 66, 68, 71, 74, 75, 77, 81, 82, 85, 86, 89, 90, 91, 95, 96, 105, 107, 108, 114, 116, 119, 121, 129, 130, 138, 141, 149, 150, 151, 153, 154, 164, 180, 183, 188, 189, 192, 193, 194, 196, 203, 207, 208, 216, 217, 219, 220, 222, 227, 232, 234, 240, 244, 245, 246, 253, 254, 255, 257, 260, 262, 264, 265, 273, 274, 277, 278, 284, 291, 292, 293, 295, 298, 308, 325, 326, 330, 331, 332, 333, 336, 347, 353, 354, 359, 361, 362, 363, 365, 366, 370, 373, 376, 380, 381, 382, 384, 387, 389, 392, 395, 398, 401, 403, 404, 405, 408, 409, 410, 411, 423, 430, 435, 437, 438, 439, 440, 443, 451, 456, 462, 464, 465, 468, 469, 472, 474, 475, 478, 481, 484, 485, 487, 490, 497, 499, 501, 502, 503, 506, 509, 510, 521, 527, 528, 534, 536, 548, 554, 555, 556, 563, 566, 582, 583, 584, 585, 586, 587, 588, 590, 595, 597, 599, 602, 603, 604, 607, 608, 610, 617, 625, 631, 642, 644, 647, 649, 654, 655, 660, 661, 662, 663, 667, 669, 675, 676, 684, 687, 689, 692, 693, 700, 701, 703, 705, 706, 714, 716, 718, 719, 720, 721, 724, 731, 733, 734, 735, 738, 739, 741, 743, 744, 746, 748, 749, 750, 757, 758, 760, 762, 767, 769, 772, 775, 777, 784, 787, 789, 797, 798, 810, 823, 824, 825, 826, 833, 834, 835, 836, 840, 841, 850, 858, 878, 879, 881, 883, 888, 894, 902, 913, 920, 933, 939, 941, 946, 947, 950, 951, 952, 955, 960, 967, 971, 978, 988, 1001, 1005, 1010, 1014, 1015, 1026, 1027, 1029, 1033, 1039, 1040, 1043, 1046, 1050, 1052, 1058, 1060, 1063, 1067, 1068, 1070, 1071, 1072, 1074, 1080, 1081, 1082, 1083, 1084, 1085, 1088, 1089, 1090, 1093, 1099, 1102, 1103, 1104, 1110, 1112, 1113, 1114, 1118, 1127, 1128, 1129, 1132, 1136, 1137, 1146, 1152, 1158, 1159, 1179, 1180, 1198, 1216, 1217, 1220, 1223, 1225, 1226, 1231, 1232, 1234, 1238, 1250, 1251, 1252, 1255, 1257, 1264, 1271}, {0, 3, 1027, 11, 14, 19, 1043, 534, 536, 1050, 29, 548, 554, 555, 556, 45, 1067, 1072, 566, 1080, 57, 1081, 59, 1082, 1083, 1084, 1088, 1090, 582, 583, 584, 585, 587, 77, 1102, 81, 82, 595, 85, 597, 1112, 1113, 90, 1114, 1118, 95, 96, 607, 105, 617, 1132, 119, 1146, 1152, 129, 1158, 647, 1159, 138, 141, 153, 1179, 1180, 675, 1198, 180, 1216, 1217, 194, 196, 203, 207, 208, 720, 1234, 216, 217, 735, 1250, 1251, 1252, 1257, 748, 1264, 767, 265, 273, 284, 291, 292, 295, 298, 308, 823, 325, 326, 330, 332, 333, 336, 353, 354, 361, 362, 363, 365, 370, 888, 380, 387, 389, 392, 395, 398, 913, 405, 408, 410, 411, 423, 435, 437, 438, 439, 440, 443, 456, 462, 465, 468, 475, 478, 484, 485, 487, 490, 499, 502, 503, 1014, 506, 510}, {0, 1027, 14, 534, 536, 29, 548, 1072, 1080, 1082, 59, 1083, 1084, 1090, 584, 587, 77, 81, 82, 1112, 1114, 96, 105, 1132, 1146, 1152, 129, 1158, 1179, 180, 1216, 1217, 194, 196, 207, 208, 216, 217, 735, 1250, 1251, 1257, 748, 1264, 265, 291, 292, 298, 308, 325, 326, 330, 332, 336, 353, 361, 362, 370, 380, 387, 389, 392, 395, 398, 913, 405, 408, 410, 435, 437, 438, 443, 456, 462, 465, 468, 475, 478, 485, 490, 499, 502}, {0, 1152, 387, 1027, 389, 1158, 14, 398, 534, 536, 410, 1179, 291, 548, 298, 180, 59, 443, 1083, 1084, 194, 1090, 326, 456, 584, 330, 587, 462, 207, 208, 81, 82, 468, 216, 1112, 475, 353, 1251, 485, 105, 361, 1257, 748, 1132, 1264, 370, 502, 380}, {1152, 389, 1158, 410, 1179, 291, 548, 298, 1083, 59, 1090, 326, 456, 330, 207, 81, 82, 468, 216, 353, 748, 1132, 370, 380}, {353, 548, 326, 298, 330, 748, 1132, 207, 81, 82, 410, 1179}, {326, 1132, 748, 82, 1179}, {1132, 326}], 1: [{0, 1, 2, 3, 6, 8, 11, 13, 15, 19, 20, 21, 22, 24, 28, 35, 36, 38, 46, 47, 52, 54, 58, 67, 69, 73, 75, 77, 79, 80, 82, 88, 89, 91, 96, 101, 102, 107, 115, 117, 118, 119, 125, 134, 135, 136, 141, 144, 145, 146, 152, 155, 161, 162, 174, 176, 180, 193, 195, 198, 199, 200, 208, 209, 216, 217, 219, 226, 235, 246, 248, 258, 262, 264, 270, 272, 273, 275, 278, 279, 281, 282, 286, 287, 291, 298, 300, 302, 303, 306, 307, 309, 310, 312, 314, 315, 320, 325, 326, 328, 330, 331, 332, 333, 336, 340, 341, 342, 343, 345, 347, 351, 354, 358, 360, 361, 363, 365, 370, 371, 380, 384, 387, 389, 393, 395, 396, 397, 398, 400, 405, 406, 408, 409, 410, 411, 412, 415, 416, 419, 421, 424, 427, 428, 429, 432, 435, 440, 446, 447, 450, 451, 452, 456, 458, 461, 464, 465, 468, 470, 477, 482, 485, 486, 490, 492, 493, 494, 495, 497, 498, 499, 502, 503, 504, 506, 511, 512, 515, 520, 521, 529, 530, 532, 533, 534, 542, 547, 548, 550, 554, 557, 559, 561, 562, 571, 573, 574, 578, 579, 582, 588, 590, 595, 596, 598, 599, 600, 601, 602, 609, 621, 626, 637, 641, 642, 644, 649, 651, 652, 653, 659, 662, 664, 674, 677, 680, 695, 710, 718, 730, 747, 748, 754, 758, 759, 764, 766, 771, 772, 775, 777, 780, 783, 786, 787, 790, 796, 800, 801, 803, 806, 807, 808, 812, 815, 823, 824, 827, 843, 847, 851, 852, 855, 859, 862, 863, 867, 873, 875, 876, 877, 878, 880, 884, 891, 894, 901, 908, 912, 913, 917, 920, 928, 935, 936, 939, 940, 943, 951, 960, 961, 963, 967, 970, 972, 977, 979, 980, 981, 982, 987, 991, 992, 995, 997, 998, 999, 1002, 1007, 1012, 1018, 1022, 1024, 1027, 1036, 1038, 1043, 1048, 1049, 1052, 1060, 1066, 1070, 1079, 1082, 1083, 1087, 1092, 1101, 1107, 1109, 1112, 1113, 1114, 1115, 1119, 1120, 1121, 1123, 1124, 1126, 1128, 1129, 1132, 1133, 1134, 1136, 1137, 1139, 1140, 1142, 1147, 1148, 1154, 1158, 1159, 1160, 1164, 1165, 1167, 1168, 1175, 1177, 1178, 1179, 1180, 1181, 1186, 1188, 1189, 1193, 1194, 1197, 1198, 1199, 1200, 1202, 1203, 1204, 1206, 1207, 1208, 1209, 1210, 1213, 1217, 1218, 1221, 1222, 1223, 1224, 1225, 1228, 1230, 1231, 1232, 1234, 1238, 1239, 1240, 1241, 1242, 1244, 1246, 1247, 1248, 1249, 1251, 1252, 1253, 1255, 1257, 1258, 1259, 1260, 1262, 1264, 1268, 1270, 1271, 1273}, {995, 1027, 325, 358, 326, 1242, 1200, 534, 1210}, {358, 325, 326}], 2: [{768, 1158, 264, 265, 14, 789, 534, 153, 410, 548, 681, 308, 59, 444, 956, 1085, 326, 587, 332, 77, 333, 590, 595, 468, 472, 94, 735, 1119, 353, 1250, 358, 361, 363, 116, 380, 1023}, {768, 1158, 264, 265, 14, 789, 410, 308, 59, 956, 1085, 326, 333, 595, 468, 472, 94, 353, 358, 361, 363, 116, 380}], 3: [{0, 11, 12, 14, 16, 20, 23, 25, 26, 35, 38, 45, 46, 51, 55, 56, 57, 63, 64, 68, 70, 74, 78, 81, 82, 84, 85, 86, 90, 94, 95, 96, 101, 105, 106, 114, 116, 119, 120, 121, 130, 131, 133, 134, 138, 139, 140, 141, 148, 149, 153, 155, 157, 161, 164, 168, 170, 173, 175, 180, 181, 183, 184, 186, 189, 196, 197, 198, 202, 203, 204, 206, 207, 208, 209, 216, 219, 221, 226, 232, 233, 234, 236, 241, 243, 246, 248, 255, 257, 261, 262, 264, 268, 274, 275, 276, 277, 280, 281, 289, 291, 298, 300, 302, 304, 306, 308, 310, 319, 325, 326, 328, 331, 332, 333, 341, 344, 345, 347, 350, 353, 354, 355, 358, 360, 361, 362, 369, 370, 371, 372, 374, 378, 381, 382, 383, 385, 387, 389, 390, 392, 395, 398, 405, 407, 408, 409, 410, 415, 419, 425, 435, 437, 440, 443, 445, 447, 449, 450, 451, 453, 456, 457, 461, 462, 465, 468, 470, 472, 473, 474, 475, 478, 481, 485, 487, 488, 490, 491, 492, 493, 494, 495, 497, 499, 500, 501, 502, 503, 505, 506, 509, 512, 514, 520, 522, 526, 527, 528, 532, 534, 536, 545, 546, 547, 548, 549, 552, 553, 557, 558, 560, 565, 566, 567, 570, 571, 572, 574, 579, 583, 584, 587, 588, 589, 590, 591, 593, 594, 595, 596, 597, 601, 602, 603, 604, 605, 607, 608, 613, 617, 618, 629, 635, 639, 641, 649, 650, 658, 659, 661, 662, 664, 665, 666, 667, 668, 669, 673, 679, 680, 686, 687, 689, 692, 693, 694, 695, 713, 715, 720, 721, 728, 733, 734, 745, 748, 751, 753, 758, 760, 761, 763, 767, 769, 775, 777, 778, 781, 789, 794, 795, 798, 801, 810, 817, 821, 825, 827, 830, 834, 835, 836, 844, 849, 850, 853, 854, 861, 874, 875, 881, 886, 887, 888, 889, 893, 897, 900, 902, 904, 905, 907, 909, 911, 912, 913, 918, 919, 925, 929, 930, 932, 938, 939, 941, 946, 949, 956, 965, 967, 971, 973, 975, 981, 992, 994, 998, 1001, 1002, 1005, 1013, 1018, 1021, 1025, 1027, 1028, 1037, 1046, 1050, 1052, 1054, 1055, 1056, 1058, 1059, 1060, 1061, 1063, 1067, 1068, 1069, 1070, 1071, 1074, 1078, 1079, 1081, 1082, 1083, 1084, 1085, 1086, 1088, 1089, 1090, 1091, 1093, 1099, 1106, 1110, 1111, 1114, 1115, 1117, 1118, 1120, 1125, 1129, 1130, 1132, 1133, 1135, 1136, 1137, 1138, 1139, 1140, 1146, 1147, 1148, 1150, 1151, 1153, 1154, 1156, 1157, 1158, 1160, 1161, 1164, 1166, 1167, 1169, 1173, 1174, 1179, 1180, 1181, 1182, 1185, 1189, 1194, 1196, 1198, 1199, 1200, 1202, 1204, 1205, 1207, 1210, 1212, 1213, 1216, 1218, 1220, 1221, 1222, 1223, 1224, 1225, 1226, 1230, 1231, 1232, 1233, 1234, 1236, 1238, 1240, 1242, 1245, 1246, 1247, 1248, 1250, 1251, 1252, 1253, 1254, 1257, 1258, 1259, 1261, 1262, 1264, 1265, 1268, 1271, 1272, 1273}], 4: [], 5: [], 6: [{681, 1090, 59, 326}], 7: [{0, 1, 2, 4, 5, 6, 7, 8, 9, 10, 11, 12, 13, 14, 15, 16, 17, 18, 19, 20, 21, 22, 23, 24, 25, 26, 27, 28, 29, 30, 31, 32, 34, 35, 36, 37, 38, 39, 40, 41, 43, 44, 45, 46, 48, 50, 51, 52, 53, 54, 55, 56, 57, 58, 59, 60, 61, 62, 63, 64, 65, 66, 67, 68, 69, 70, 71, 72, 75, 77, 78, 79, 80, 81, 82, 83, 84, 85, 86, 89, 90, 91, 92, 93, 94, 95, 96, 97, 98, 99, 100, 101, 102, 103, 104, 105, 106, 107, 108, 109, 110, 112, 113, 114, 115, 116, 117, 118, 119, 120, 121, 123, 124, 125, 126, 127, 130, 131, 132, 133, 134, 135, 136, 137, 138, 139, 140, 141, 142, 143, 144, 145, 146, 147, 148, 149, 150, 151, 152, 153, 154, 155, 156, 157, 158, 159, 160, 161, 162, 163, 164, 165, 166, 167, 168, 169, 170, 171, 172, 173, 174, 175, 176, 177, 178, 179, 180, 181, 182, 183, 184, 185, 187, 188, 189, 190, 191, 192, 193, 194, 195, 196, 197, 198, 199, 200, 201, 202, 203, 204, 205, 206, 207, 208, 209, 210, 211, 212, 213, 216, 217, 218, 219, 220, 221, 223, 225, 226, 227, 228, 229, 230, 231, 232, 233, 234, 236, 237, 239, 240, 241, 242, 243, 244, 245, 246, 247, 250, 251, 252, 253, 254, 255, 256, 257, 258, 259, 260, 262, 263, 264, 265, 266, 268, 269, 270, 271, 272, 273, 274, 276, 277, 279, 280, 281, 282, 284, 285, 286, 287, 288, 289, 290, 291, 292, 293, 294, 295, 296, 297, 298, 300, 302, 303, 304, 305, 306, 307, 308, 309, 310, 312, 313, 314, 315, 317, 318, 319, 320, 321, 322, 325, 326, 327, 328, 329, 330, 331, 332, 333, 334, 336, 337, 338, 339, 340, 341, 342, 343, 344, 345, 346, 347, 348, 349, 350, 351, 352, 353, 354, 356, 357, 358, 359, 360, 361, 362, 363, 364, 365, 367, 368, 369, 370, 371, 372, 373, 374, 375, 376, 377, 378, 379, 380, 381, 382, 383, 384, 385, 387, 388, 389, 390, 391, 392, 393, 395, 396, 397, 398, 399, 400, 401, 402, 403, 404, 405, 406, 407, 408, 409, 410, 411, 412, 413, 414, 415, 416, 417, 419, 420, 421, 422, 423, 424, 425, 426, 427, 428, 429, 430, 431, 432, 433, 434, 435, 436, 437, 438, 439, 440, 442, 443, 444, 445, 446, 447, 449, 450, 451, 452, 453, 454, 455, 456, 457, 458, 459, 460, 461, 462, 463, 464, 465, 466, 467, 468, 469, 470, 471, 472, 473, 474, 475, 476, 477, 478, 479, 480, 481, 482, 483, 484, 485, 486, 487, 488, 489, 490, 491, 492, 493, 494, 495, 496, 497, 498, 499, 500, 501, 502, 503, 504, 505, 506, 507, 508, 509, 510, 511, 512, 513, 514, 515, 516, 517, 518, 519, 520, 521, 522, 523, 525, 526, 527, 528, 529, 530, 531, 532, 533, 534, 536, 538, 539, 540, 541, 542, 543, 544, 545, 546, 547, 548, 549, 551, 552, 553, 554, 555, 556, 557, 558, 559, 560, 561, 562, 564, 565, 566, 567, 568, 569, 570, 571, 572, 574, 575, 577, 578, 579, 581, 582, 583, 584, 585, 586, 587, 588, 590, 591, 592, 594, 595, 596, 597, 598, 599, 600, 601, 602, 603, 604, 605, 606, 607, 608, 609, 610, 611, 612, 613, 614, 616, 617, 618, 619, 620, 621, 622, 624, 625, 626, 627, 629, 630, 631, 632, 633, 634, 635, 637, 638, 639, 640, 641, 642, 644, 646, 647, 648, 649, 650, 651, 652, 653, 654, 655, 657, 658, 659, 660, 661, 662, 663, 664, 665, 666, 667, 668, 669, 670, 672, 673, 674, 675, 676, 677, 680, 681, 682, 683, 684, 685, 686, 687, 688, 690, 691, 692, 693, 694, 695, 696, 697, 699, 700, 701, 702, 703, 704, 705, 706, 707, 709, 710, 711, 712, 713, 714, 715, 716, 717, 718, 719, 720, 721, 722, 723, 724, 725, 727, 728, 729, 730, 731, 733, 734, 735, 737, 738, 739, 740, 741, 742, 743, 744, 745, 746, 747, 748, 749, 750, 751, 752, 753, 754, 755, 757, 758, 759, 760, 761, 762, 763, 764, 765, 766, 767, 768, 769, 771, 772, 773, 776, 777, 778, 780, 781, 783, 784, 785, 786, 787, 788, 789, 790, 791, 792, 794, 795, 796, 797, 798, 799, 800, 801, 802, 803, 804, 805, 806, 807, 809, 810, 811, 812, 813, 814, 815, 816, 817, 818, 819, 820, 821, 822, 823, 824, 825, 826, 827, 828, 829, 830, 831, 832, 833, 834, 835, 836, 837, 838, 839, 840, 841, 843, 844, 847, 848, 849, 850, 851, 852, 853, 854, 855, 857, 858, 859, 860, 861, 862, 864, 865, 866, 868, 869, 870, 871, 872, 873, 874, 876, 877, 879, 880, 881, 882, 884, 885, 886, 887, 888, 889, 891, 892, 893, 894, 896, 897, 898, 899, 900, 901, 902, 904, 905, 906, 911, 912, 913, 914, 915, 917, 918, 919, 920, 921, 922, 924, 925, 926, 927, 929, 930, 932, 933, 934, 935, 936, 937, 938, 939, 940, 941, 942, 943, 944, 945, 946, 947, 948, 949, 950, 951, 952, 953, 954, 955, 956, 958, 959, 960, 961, 963, 964, 965, 966, 967, 968, 969, 970, 971, 972, 973, 974, 975, 976, 977, 978, 979, 980, 981, 982, 983, 984, 985, 987, 988, 989, 990, 991, 992, 993, 994, 995, 996, 997, 998, 999, 1000, 1001, 1002, 1003, 1005, 1006, 1007, 1008, 1009, 1010, 1011, 1013, 1014, 1015, 1016, 1017, 1018, 1019, 1021, 1022, 1023, 1024, 1025, 1026, 1027, 1028, 1029, 1030, 1033, 1035, 1036, 1037, 1038, 1039, 1040, 1042, 1043, 1044, 1045, 1046, 1047, 1048, 1049, 1050, 1051, 1052, 1054, 1055, 1056, 1057, 1058, 1059, 1060, 1061, 1062, 1063, 1064, 1066, 1067, 1068, 1069, 1070, 1071, 1072, 1073, 1074, 1075, 1076, 1077, 1078, 1079, 1080, 1081, 1082, 1083, 1084, 1085, 1086, 1087, 1088, 1089, 1090, 1091, 1092, 1093, 1094, 1095, 1096, 1097, 1098, 1099, 1100, 1101, 1102, 1103, 1104, 1105, 1106, 1107, 1109, 1110, 1111, 1112, 1113, 1114, 1115, 1116, 1117, 1118, 1119, 1120, 1121, 1122, 1123, 1124, 1125, 1126, 1127, 1128, 1129, 1130, 1132, 1133, 1134, 1135, 1136, 1137, 1138, 1139, 1140, 1141, 1142, 1146, 1147, 1148, 1151, 1152, 1153, 1154, 1156, 1157, 1158, 1159, 1160, 1161, 1162, 1163, 1164, 1165, 1166, 1167, 1168, 1169, 1171, 1172, 1173, 1174, 1175, 1176, 1177, 1179, 1180, 1181, 1182, 1183, 1184, 1185, 1186, 1188, 1189, 1191, 1192, 1193, 1194, 1196, 1197, 1198, 1199, 1200, 1201, 1202, 1203, 1204, 1205, 1206, 1207, 1208, 1209, 1210, 1211, 1212, 1213, 1214, 1216, 1217, 1218, 1219, 1220, 1221, 1222, 1223, 1224, 1225, 1226, 1227, 1228, 1229, 1230, 1231, 1232, 1233, 1234, 1235, 1236, 1238, 1239, 1240, 1241, 1242, 1243, 1244, 1245, 1246, 1247, 1248, 1249, 1250, 1251, 1252, 1253, 1254, 1256, 1257, 1258, 1259, 1260, 1261, 1262, 1264, 1265, 1267, 1268, 1269, 1270, 1271, 1272, 1273}, {0, 1, 2, 4, 5, 6, 7, 8, 9, 10, 11, 13, 14, 15, 16, 17, 18, 20, 21, 22, 23, 24, 25, 27, 28, 29, 30, 31, 32, 34, 36, 37, 38, 39, 40, 41, 43, 44, 45, 48, 50, 51, 52, 53, 54, 56, 57, 58, 60, 61, 62, 63, 65, 66, 67, 69, 70, 71, 72, 75, 77, 78, 79, 80, 81, 82, 84, 85, 86, 89, 90, 91, 92, 93, 94, 95, 96, 97, 98, 99, 100, 101, 102, 103, 104, 105, 107, 108, 109, 110, 112, 113, 115, 116, 117, 118, 119, 121, 123, 124, 125, 126, 127, 130, 131, 132, 133, 134, 135, 136, 137, 138, 139, 140, 141, 142, 143, 144, 146, 148, 149, 150, 151, 152, 153, 154, 155, 156, 157, 158, 159, 160, 161, 163, 165, 166, 167, 168, 169, 171, 172, 173, 174, 175, 176, 177, 178, 179, 180, 182, 183, 184, 185, 187, 188, 189, 190, 191, 192, 193, 194, 195, 196, 197, 198, 199, 200, 201, 202, 203, 204, 205, 207, 208, 209, 210, 211, 212, 213, 216, 217, 218, 219, 220, 221, 225, 226, 227, 228, 229, 230, 231, 232, 233, 236, 237, 239, 240, 241, 242, 244, 245, 246, 247, 250, 251, 252, 253, 254, 256, 257, 258, 259, 260, 264, 265, 268, 269, 270, 271, 272, 273, 276, 277, 279, 280, 281, 284, 285, 286, 287, 288, 289, 290, 291, 292, 293, 294, 295, 296, 297, 298, 303, 304, 305, 306, 307, 308, 309, 310, 312, 313, 314, 315, 317, 318, 319, 320, 321, 322, 325, 326, 327, 328, 329, 330, 331, 332, 333, 334, 336, 337, 338, 339, 340, 341, 342, 343, 344, 346, 347, 348, 349, 351, 352, 353, 354, 356, 357, 358, 359, 360, 361, 362, 363, 364, 365, 367, 368, 369, 370, 371, 372, 373, 374, 375, 376, 377, 378, 379, 380, 382, 383, 384, 385, 387, 388, 389, 391, 393, 395, 396, 397, 398, 399, 400, 401, 402, 403, 404, 405, 406, 407, 408, 409, 410, 411, 412, 413, 414, 415, 416, 417, 420, 421, 422, 423, 424, 426, 427, 428, 429, 430, 431, 432, 433, 434, 435, 436, 437, 438, 439, 440, 442, 443, 444, 445, 446, 447, 450, 452, 454, 455, 456, 459, 460, 461, 462, 463, 464, 465, 466, 467, 468, 469, 470, 471, 472, 474, 475, 476, 477, 478, 479, 480, 481, 482, 483, 484, 485, 486, 487, 488, 489, 490, 492, 494, 495, 496, 497, 498, 499, 500, 501, 502, 503, 504, 505, 506, 507, 508, 509, 510, 511, 512, 513, 514, 515, 516, 517, 518, 519, 521, 522, 523, 525, 526, 527, 528, 529, 530, 531, 532, 533, 534, 536, 538, 539, 540, 541, 542, 543, 544, 547, 548, 549, 551, 552, 554, 555, 556, 557, 558, 559, 560, 561, 562, 564, 565, 566, 567, 569, 570, 571, 572, 575, 577, 578, 579, 581, 582, 583, 584, 585, 586, 587, 588, 591, 592, 594, 595, 596, 597, 598, 599, 600, 601, 602, 603, 604, 605, 606, 607, 608, 609, 610, 611, 612, 614, 616, 617, 618, 619, 620, 621, 622, 624, 625, 626, 627, 629, 630, 631, 632, 633, 634, 635, 637, 638, 639, 640, 641, 642, 644, 646, 647, 648, 649, 651, 652, 653, 654, 655, 657, 660, 661, 662, 663, 665, 666, 667, 668, 669, 670, 672, 673, 674, 675, 676, 677, 680, 681, 682, 683, 684, 685, 686, 687, 688, 690, 691, 692, 693, 694, 695, 696, 697, 699, 700, 701, 702, 703, 704, 705, 706, 707, 709, 710, 711, 712, 713, 714, 715, 716, 717, 718, 719, 720, 721, 722, 723, 724, 725, 727, 729, 730, 731, 733, 734, 735, 737, 738, 739, 740, 741, 743, 744, 745, 746, 747, 748, 749, 750, 751, 752, 753, 754, 755, 757, 759, 760, 761, 762, 763, 764, 765, 766, 767, 768, 769, 771, 772, 773, 776, 777, 778, 780, 781, 783, 784, 785, 786, 787, 788, 789, 790, 791, 792, 794, 796, 797, 798, 799, 800, 802, 803, 804, 805, 806, 807, 809, 810, 811, 812, 814, 815, 816, 817, 818, 819, 820, 821, 822, 823, 824, 825, 826, 828, 829, 830, 831, 832, 833, 834, 835, 836, 837, 838, 839, 840, 841, 843, 844, 848, 849, 850, 851, 852, 853, 855, 857, 858, 859, 860, 861, 862, 864, 865, 866, 868, 869, 870, 871, 872, 873, 874, 876, 879, 880, 881, 882, 884, 885, 887, 888, 889, 891, 892, 893, 894, 896, 897, 898, 899, 900, 901, 902, 904, 906, 911, 913, 914, 915, 917, 918, 919, 921, 922, 924, 925, 926, 927, 929, 930, 933, 934, 935, 936, 937, 938, 939, 940, 941, 942, 943, 944, 945, 946, 947, 948, 949, 950, 951, 952, 953, 954, 955, 956, 958, 959, 961, 963, 964, 966, 967, 968, 969, 970, 971, 972, 973, 974, 975, 976, 977, 978, 979, 980, 981, 982, 983, 984, 985, 987, 988, 989, 990, 991, 992, 993, 995, 996, 997, 998, 999, 1000, 1001, 1002, 1003, 1005, 1006, 1007, 1008, 1009, 1010, 1011, 1013, 1014, 1015, 1016, 1017, 1018, 1019, 1021, 1022, 1023, 1024, 1026, 1027, 1028, 1029, 1030, 1033, 1035, 1036, 1037, 1038, 1039, 1040, 1042, 1043, 1044, 1045, 1046, 1047, 1048, 1049, 1050, 1051, 1054, 1055, 1056, 1057, 1058, 1059, 1060, 1061, 1062, 1063, 1064, 1066, 1067, 1068, 1069, 1070, 1072, 1073, 1074, 1075, 1076, 1077, 1078, 1079, 1080, 1081, 1082, 1084, 1085, 1087, 1088, 1089, 1090, 1092, 1093, 1094, 1095, 1096, 1097, 1098, 1099, 1100, 1102, 1103, 1104, 1105, 1106, 1107, 1110, 1111, 1112, 1113, 1114, 1115, 1116, 1117, 1118, 1119, 1120, 1121, 1122, 1123, 1124, 1125, 1126, 1127, 1128, 1129, 1130, 1132, 1133, 1134, 1135, 1136, 1137, 1138, 1141, 1142, 1146, 1147, 1148, 1152, 1153, 1154, 1156, 1157, 1158, 1159, 1160, 1161, 1162, 1163, 1166, 1168, 1169, 1171, 1172, 1173, 1174, 1175, 1176, 1177, 1179, 1180, 1181, 1182, 1183, 1184, 1185, 1186, 1189, 1191, 1192, 1193, 1194, 1196, 1197, 1198, 1199, 1200, 1201, 1203, 1204, 1205, 1206, 1207, 1208, 1209, 1210, 1211, 1212, 1213, 1214, 1216, 1217, 1218, 1219, 1220, 1221, 1222, 1223, 1224, 1225, 1226, 1227, 1228, 1229, 1230, 1231, 1232, 1233, 1234, 1235, 1236, 1238, 1239, 1241, 1242, 1243, 1245, 1246, 1247, 1248, 1249, 1250, 1251, 1252, 1253, 1254, 1256, 1257, 1258, 1260, 1261, 1262, 1264, 1265, 1268, 1269, 1270, 1271, 1273}, {0, 1, 4, 5, 6, 7, 9, 10, 11, 14, 17, 18, 20, 21, 22, 25, 27, 29, 31, 32, 34, 37, 38, 39, 40, 43, 44, 45, 50, 51, 52, 53, 54, 56, 58, 60, 61, 62, 63, 65, 66, 71, 72, 77, 79, 81, 82, 84, 85, 86, 90, 92, 93, 94, 95, 97, 98, 99, 100, 103, 107, 108, 109, 110, 112, 113, 117, 118, 123, 124, 125, 126, 130, 131, 132, 134, 137, 138, 141, 142, 143, 146, 149, 150, 151, 152, 153, 154, 156, 158, 159, 160, 163, 166, 167, 169, 171, 172, 173, 175, 177, 178, 179, 180, 182, 183, 184, 185, 187, 188, 189, 190, 191, 192, 193, 194, 196, 197, 198, 201, 202, 203, 205, 207, 208, 209, 210, 211, 213, 216, 217, 218, 219, 220, 225, 227, 228, 230, 231, 233, 237, 239, 240, 241, 242, 244, 245, 246, 247, 250, 251, 252, 254, 256, 258, 259, 260, 265, 268, 271, 273, 276, 277, 279, 280, 284, 285, 286, 287, 288, 289, 290, 291, 292, 293, 294, 295, 297, 298, 303, 304, 307, 309, 310, 312, 313, 314, 315, 317, 318, 319, 321, 322, 325, 326, 327, 328, 329, 330, 331, 332, 333, 334, 336, 337, 338, 339, 341, 344, 346, 347, 348, 353, 354, 356, 357, 358, 359, 360, 361, 362, 364, 365, 367, 368, 370, 373, 374, 375, 376, 377, 379, 380, 382, 385, 387, 388, 389, 391, 393, 395, 398, 399, 401, 403, 404, 405, 407, 408, 409, 410, 411, 412, 413, 414, 416, 420, 421, 422, 423, 424, 428, 429, 430, 431, 433, 434, 435, 436, 437, 438, 439, 440, 442, 443, 446, 447, 450, 452, 454, 456, 459, 460, 461, 462, 463, 464, 465, 466, 467, 469, 470, 471, 472, 474, 475, 476, 478, 479, 481, 482, 483, 484, 485, 487, 488, 489, 490, 492, 497, 498, 499, 500, 502, 503, 504, 505, 506, 507, 508, 510, 512, 513, 516, 517, 518, 519, 521, 522, 523, 525, 526, 528, 529, 530, 531, 532, 534, 536, 538, 539, 540, 544, 547, 548, 551, 555, 556, 558, 559, 565, 566, 567, 569, 570, 571, 575, 577, 578, 579, 581, 582, 583, 584, 585, 587, 588, 591, 592, 594, 595, 597, 599, 600, 601, 602, 603, 606, 607, 608, 610, 611, 612, 619, 620, 622, 624, 625, 627, 630, 631, 632, 633, 637, 640, 641, 642, 644, 646, 647, 649, 652, 654, 657, 660, 663, 665, 669, 670, 672, 673, 674, 675, 676, 681, 682, 683, 684, 685, 686, 687, 688, 690, 691, 696, 697, 699, 700, 701, 702, 703, 704, 705, 706, 707, 709, 711, 712, 714, 716, 717, 719, 722, 723, 724, 725, 727, 729, 730, 731, 733, 734, 735, 737, 738, 739, 740, 741, 743, 744, 746, 748, 749, 750, 752, 753, 755, 757, 759, 760, 762, 763, 764, 765, 766, 767, 768, 771, 772, 773, 776, 781, 784, 785, 788, 790, 791, 792, 796, 797, 799, 800, 802, 803, 804, 805, 806, 809, 810, 811, 814, 816, 818, 819, 821, 822, 823, 824, 826, 828, 829, 831, 832, 833, 835, 836, 837, 838, 839, 840, 844, 848, 853, 855, 858, 860, 864, 865, 866, 868, 869, 870, 871, 872, 874, 876, 879, 880, 881, 885, 887, 888, 891, 894, 897, 898, 899, 904, 906, 913, 914, 915, 917, 919, 921, 922, 924, 925, 926, 927, 933, 934, 937, 939, 940, 942, 944, 945, 946, 947, 948, 950, 951, 952, 953, 954, 955, 958, 959, 961, 966, 968, 969, 970, 971, 974, 976, 977, 978, 979, 980, 983, 984, 985, 988, 989, 990, 991, 993, 995, 996, 998, 999, 1000, 1002, 1003, 1006, 1007, 1008, 1009, 1010, 1011, 1014, 1015, 1016, 1017, 1019, 1022, 1023, 1026, 1027, 1029, 1030, 1033, 1035, 1038, 1039, 1040, 1042, 1044, 1045, 1046, 1049, 1050, 1051, 1054, 1057, 1058, 1059, 1060, 1062, 1063, 1064, 1068, 1069, 1072, 1073, 1074, 1075, 1076, 1077, 1080, 1081, 1082, 1084, 1085, 1087, 1090, 1093, 1094, 1095, 1098, 1100, 1102, 1103, 1104, 1105, 1106, 1107, 1110, 1111, 1113, 1115, 1116, 1119, 1122, 1123, 1126, 1127, 1128, 1129, 1130, 1132, 1136, 1138, 1141, 1142, 1146, 1152, 1153, 1154, 1158, 1160, 1161, 1162, 1163, 1171, 1172, 1174, 1179, 1180, 1183, 1184, 1186, 1189, 1192, 1194, 1200, 1201, 1203, 1206, 1208, 1209, 1210, 1211, 1212, 1213, 1214, 1216, 1217, 1219, 1220, 1222, 1224, 1226, 1227, 1228, 1229, 1230, 1233, 1234, 1238, 1239, 1241, 1242, 1243, 1245, 1246, 1247, 1249, 1250, 1251, 1252, 1256, 1257, 1262, 1264, 1269, 1270, 1271, 1273}, {1, 4, 516, 6, 518, 9, 522, 11, 1040, 17, 529, 530, 534, 25, 538, 1049, 29, 1054, 548, 37, 38, 39, 40, 1062, 1063, 555, 556, 45, 558, 1064, 1072, 1074, 1075, 1080, 569, 570, 1081, 1082, 61, 62, 1085, 577, 579, 583, 584, 587, 1102, 1103, 81, 82, 595, 1106, 86, 599, 94, 1119, 608, 97, 611, 1123, 1128, 1130, 1132, 109, 1136, 118, 1146, 1152, 1153, 132, 649, 138, 1162, 652, 142, 1172, 150, 153, 154, 1179, 1180, 670, 160, 676, 169, 681, 171, 691, 180, 183, 184, 697, 1208, 1209, 1210, 1211, 193, 194, 1217, 196, 709, 712, 1224, 203, 1227, 1229, 1230, 207, 208, 1238, 727, 216, 1247, 225, 737, 740, 744, 1256, 1257, 749, 750, 1262, 246, 1273, 251, 252, 768, 771, 271, 788, 277, 286, 287, 288, 291, 293, 295, 298, 303, 309, 310, 312, 313, 828, 317, 319, 835, 325, 326, 327, 840, 332, 333, 334, 855, 346, 353, 358, 360, 872, 362, 365, 368, 370, 373, 376, 379, 380, 387, 388, 389, 395, 398, 405, 408, 409, 411, 925, 414, 416, 933, 422, 423, 424, 937, 430, 434, 435, 436, 948, 439, 440, 447, 450, 452, 456, 462, 464, 465, 976, 467, 977, 469, 979, 983, 984, 475, 483, 485, 490, 492, 497, 499, 500, 502, 1014, 505, 508, 1017, 510, 1023}, {387, 132, 388, 142, 398, 1040, 534, 1054, 291, 548, 38, 423, 40, 298, 1072, 310, 440, 313, 570, 697, 1080, 1082, 62, 1085, 1210, 579, 325, 326, 1224, 462, 464, 465, 82, 1106, 469, 216, 1119, 353, 737, 358, 1128, 1257, 362, 490, 492, 1132, 246, 502, 1146}, {387, 548, 1080, 1210, 1082, 62, 579, 325, 326, 465, 1106, 358, 1257, 362, 490, 492, 1132, 246, 1146}, {1210, 1132, 326}], 8: [], 9: [], 10: [], 11: [], 12: [], 13: [], 14: [], 15: [], 16: [], 17: [{670, 165, 679, 44, 1068, 1074, 435, 693, 310, 55, 440, 1082, 699, 445, 447, 831, 195, 326, 200, 80, 465, 980, 472, 93, 1128, 233, 361, 490, 492, 1256, 1134, 1257, 502, 888, 1146, 893, 1150}], 18: [], 19: [], 20: [], 21: [{0, 7, 8, 11, 16, 17, 19, 23, 25, 36, 38, 45, 49, 51, 54, 55, 57, 62, 66, 75, 80, 81, 84, 85, 86, 89, 91, 93, 94, 102, 105, 107, 108, 111, 112, 113, 127, 131, 138, 141, 144, 150, 153, 154, 155, 163, 165, 166, 173, 174, 183, 184, 188, 190, 193, 194, 195, 196, 197, 202, 204, 206, 207, 216, 217, 222, 225, 226, 233, 235, 239, 246, 247, 251, 257, 258, 267, 271, 277, 278, 284, 285, 286, 287, 288, 289, 291, 293, 295, 298, 305, 307, 308, 309, 310, 312, 313, 314, 315, 319, 322, 325, 326, 328, 329, 331, 332, 333, 334, 335, 336, 340, 345, 349, 353, 354, 358, 359, 361, 362, 365, 370, 373, 379, 380, 382, 387, 389, 392, 393, 394, 398, 406, 408, 411, 419, 420, 422, 423, 424, 427, 428, 429, 434, 436, 437, 439, 440, 443, 444, 445, 447, 451, 452, 456, 458, 462, 465, 467, 469, 471, 472, 474, 475, 480, 483, 485, 487, 490, 492, 497, 499, 502, 503, 505, 506, 508, 510, 511, 521, 522, 526, 527, 528, 536, 538, 541, 547, 548, 555, 557, 559, 563, 565, 566, 569, 570, 571, 579, 581, 582, 583, 586, 587, 591, 595, 597, 601, 602, 603, 605, 607, 608, 615, 617, 639, 642, 643, 644, 650, 656, 670, 673, 676, 690, 697, 699, 712, 716, 721, 727, 730, 732, 737, 740, 743, 744, 749, 750, 771, 775, 778, 786, 788, 790, 796, 808, 810, 813, 817, 820, 823, 831, 836, 840, 841, 844, 852, 855, 864, 867, 874, 878, 883, 887, 888, 892, 893, 894, 903, 904, 905, 907, 910, 925, 936, 937, 940, 948, 961, 970, 972, 979, 980, 983, 984, 998, 1016, 1017, 1023, 1028, 1037, 1040, 1049, 1051, 1054, 1056, 1058, 1059, 1061, 1062, 1063, 1068, 1069, 1070, 1072, 1073, 1074, 1075, 1080, 1083, 1084, 1085, 1088, 1089, 1090, 1091, 1093, 1096, 1097, 1099, 1102, 1103, 1104, 1106, 1107, 1114, 1118, 1119, 1121, 1123, 1126, 1128, 1130, 1131, 1132, 1134, 1136, 1140, 1142, 1146, 1147, 1150, 1152, 1153, 1154, 1158, 1160, 1161, 1162, 1163, 1166, 1179, 1180, 1185, 1186, 1187, 1189, 1191, 1194, 1195, 1208, 1213, 1217, 1218, 1219, 1220, 1221, 1222, 1224, 1229, 1230, 1232, 1233, 1237, 1238, 1239, 1241, 1242, 1246, 1247, 1248, 1250, 1251, 1255, 1256, 1257, 1258, 1267, 1268, 1270, 1272, 1273}, {0, 7, 521, 522, 11, 526, 527, 16, 17, 528, 19, 1040, 23, 25, 1049, 1023, 1054, 1058, 547, 36, 548, 1059, 1061, 1062, 1063, 45, 557, 559, 1069, 1070, 1072, 51, 563, 565, 54, 566, 1073, 57, 570, 571, 1075, 1080, 62, 1084, 1085, 1088, 1089, 579, 1090, 581, 582, 1091, 1093, 1096, 1097, 75, 587, 1099, 1102, 1103, 80, 81, 595, 84, 85, 86, 1107, 89, 601, 91, 602, 93, 94, 603, 608, 1114, 1119, 1121, 1123, 102, 1126, 1128, 105, 1130, 1131, 1134, 111, 112, 113, 1136, 1140, 1146, 1147, 1150, 127, 639, 1152, 642, 131, 643, 644, 1153, 1154, 1158, 1160, 138, 650, 1162, 1163, 144, 150, 153, 154, 155, 1179, 673, 1185, 163, 676, 165, 166, 1187, 1189, 1194, 1195, 173, 174, 690, 183, 184, 697, 188, 190, 193, 194, 1217, 196, 1218, 1220, 1222, 712, 1224, 202, 204, 716, 206, 207, 1229, 1230, 727, 216, 217, 1239, 1241, 1242, 222, 1247, 225, 226, 737, 1251, 743, 744, 1255, 1257, 235, 1258, 749, 750, 1267, 1268, 1270, 247, 1272, 251, 258, 771, 778, 271, 786, 788, 277, 278, 284, 285, 286, 287, 288, 289, 796, 291, 1074, 293, 295, 808, 298, 813, 817, 307, 308, 309, 823, 312, 313, 314, 315, 319, 831, 322, 836, 325, 326, 328, 329, 840, 331, 332, 333, 334, 335, 844, 852, 349, 864, 353, 354, 358, 359, 362, 874, 365, 883, 373, 888, 379, 380, 382, 894, 389, 903, 392, 393, 394, 904, 907, 398, 910, 406, 411, 925, 422, 423, 424, 936, 937, 427, 429, 434, 436, 437, 948, 439, 440, 443, 444, 445, 961, 452, 970, 972, 462, 465, 467, 469, 983, 472, 984, 474, 475, 483, 485, 998, 487, 490, 492, 497, 499, 502, 1016, 505, 508, 1017, 510, 511}, {0, 11, 528, 1040, 19, 23, 1054, 1059, 548, 1069, 1073, 1075, 566, 1080, 57, 570, 62, 1090, 1091, 1093, 582, 1096, 1097, 75, 80, 84, 86, 1123, 1131, 111, 639, 127, 642, 1160, 138, 155, 1179, 1185, 1187, 1195, 1218, 1220, 1224, 1239, 1241, 222, 1251, 1255, 1257, 1258, 1267, 247, 1272, 771, 277, 796, 285, 288, 291, 293, 817, 308, 312, 314, 831, 325, 326, 328, 331, 332, 333, 334, 852, 349, 353, 358, 365, 883, 380, 392, 394, 398, 406, 411, 936, 427, 434, 443, 445, 462, 465, 467, 472, 485, 490, 492, 1016, 1023}, {771, 392, 1160, 138, 11, 394, 398, 406, 1054, 1185, 291, 548, 1059, 936, 1195, 1069, 1073, 1075, 1080, 314, 1090, 1218, 325, 326, 1096, 1097, 331, 332, 80, 465, 1239, 222, 358, 1255, 1257, 490, 1131, 492, 1267}, {771, 325, 358, 1257, 490, 398, 1075, 406}], 22: [], 23: [], 24: [], 25: [], 26: [], 27: [], 28: [], 29: [], 30: [], 31: [], 32: [], 33: [{1219, 965, 615, 490, 331, 588, 398, 80, 920, 1079, 728, 282, 827, 1245, 287}], 34: [], 35: [], 36: [], 37: [{0, 1028, 8, 521, 1037, 15, 528, 1040, 1043, 23, 1049, 543, 1056, 548, 38, 39, 550, 1063, 1064, 1068, 49, 1074, 564, 54, 1079, 569, 1081, 1082, 573, 1091, 68, 1096, 1097, 74, 75, 588, 80, 81, 82, 593, 84, 595, 1104, 1109, 602, 1114, 96, 608, 101, 614, 615, 104, 617, 1125, 107, 1126, 1128, 1130, 1132, 1136, 113, 1139, 1142, 120, 1152, 642, 643, 1157, 649, 138, 1161, 141, 655, 656, 156, 1180, 1181, 162, 163, 165, 1193, 1196, 173, 1200, 1202, 181, 694, 1207, 186, 1213, 190, 193, 1218, 195, 1219, 1221, 202, 716, 1231, 1232, 209, 1235, 1237, 1238, 216, 219, 732, 1244, 222, 1245, 1248, 1250, 1255, 233, 1257, 235, 1258, 1259, 239, 246, 758, 248, 1272, 250, 251, 253, 267, 781, 275, 281, 282, 796, 287, 289, 291, 295, 296, 813, 313, 314, 322, 325, 326, 328, 332, 344, 857, 867, 362, 875, 878, 882, 887, 380, 382, 896, 388, 900, 394, 398, 910, 408, 419, 932, 423, 937, 428, 434, 447, 450, 451, 964, 455, 456, 969, 465, 469, 471, 482, 994, 487, 490, 492, 499, 502}, {1152, 649, 1161, 141, 398, 781, 23, 281, 156, 291, 548, 423, 1064, 937, 813, 434, 1207, 314, 450, 1091, 325, 326, 1097, 202, 75, 332, 1231, 80, 82, 344, 216, 222, 1255, 233, 490, 1257, 492, 1132, 1258, 1259, 250, 380, 253, 382}, {1091, 548, 325, 423, 1161, 202, 75, 332, 490, 398, 1257, 344, 250, 222}, {1161, 202, 490, 1257, 398}, {202, 490, 398}, {202, 490, 398}], 38: [], 39: [], 40: [], 41: [], 42: [], 43: [], 44: [], 45: [], 46: [], 47: [], 48: [], 49: [], 50: [], 51: [], 52: [{291, 1059, 197, 166, 1126, 1128, 1161, 362, 490, 492, 1222, 1257, 15, 80, 831, 1051, 287}, {1059, 291, 490, 80, 287}], 53: [], 54: []}
Total MEscore: 44
Time:  288.1120048019984
