Input file: tests/treefam.txt
Interval Limit: 4
Max number of converted speciations: 0
Output file: results/out_treefam_4_0.csv


Running ILP model
Size of input data: n = 28 , m = 40520 , maxdup = 39246
Using license file /home/voronwe/gurobi.lic
Academic license - for non-commercial use only
Gurobi Optimizer version 9.0.1 build v9.0.1rc0 (linux64)
Optimize a model with 2582582 rows, 4748821 columns and 5089577 nonzeros
Model fingerprint: 0x6b6b649c
Model has 29565 quadratic constraints
Model has 136567 general constraints
Variable types: 0 continuous, 4748821 integer (2433252 binary)
Coefficient statistics:
  Matrix range     [1e+00, 5e+01]
  QMatrix range    [1e+00, 1e+00]
  QLMatrix range   [1e+00, 1e+00]
  Objective range  [1e+00, 1e+00]
  Bounds range     [1e+00, 1e+00]
  RHS range        [1e+00, 5e+01]
Presolve removed 2817928 rows and 4857386 columns (presolve time = 5s) ...
Presolve removed 2580882 rows and 4747591 columns
Presolve time: 8.74s
Presolved: 1700 rows, 1230 columns, 4970 nonzeros
Variable types: 0 continuous, 1230 integer (1026 binary)
Found heuristic solution: objective 245.0000000

Root simplex log...

Iteration    Objective       Primal Inf.    Dual Inf.      Time
       0    2.1700000e+02   3.013750e+02   0.000000e+00      9s
     632    2.3000000e+02   0.000000e+00   0.000000e+00      9s

Root relaxation: objective 2.300000e+02, 632 iterations, 0.00 seconds

    Nodes    |    Current Node    |     Objective Bounds      |     Work
 Expl Unexpl |  Obj  Depth IntInf | Incumbent    BestBd   Gap | It/Node Time

     0     0  230.00000    0    2  245.00000  230.00000  6.12%     -    9s
H    0     0                     230.0000000  230.00000  0.00%     -    9s
     0     0  230.00000    0    2  230.00000  230.00000  0.00%     -    9s

Explored 1 nodes (1418 simplex iterations) in 9.15 seconds
Thread count was 12 (of 12 available processors)

Solution count 2: 230 245 

Optimal solution found (tolerance 1.00e-04)
Best objective 2.300000000000e+02, best bound 2.300000000000e+02, gap 0.0000%
Gene tree support:
{0: [{0, 9, 12, 14, 19, 20, 22, 23, 27, 30, 31, 34, 35, 44, 45, 47, 50, 54, 57, 59, 62, 65, 66, 72, 74, 75, 77, 79, 81, 82, 84, 85, 86, 88, 91, 92, 93, 94, 95, 96, 105, 107, 108, 109, 110, 111, 112, 113, 116, 118, 121, 122, 125, 129, 131, 133, 138, 141, 142, 149, 151, 153, 156, 157, 158, 162, 167, 168, 171, 173, 174, 180, 184, 186, 189, 192, 193, 194, 196, 198, 203, 204, 207, 208, 216, 217, 218, 222, 223, 227, 229, 240, 242, 243, 248, 254, 256, 257, 259, 261, 263, 264, 265, 272, 273, 274, 278, 279, 280, 284, 285, 291, 292, 293, 294, 295, 297, 298, 299, 300, 304, 309, 312, 317, 323, 325, 326, 330, 331, 332, 333, 336, 347, 353, 354, 355, 357, 358, 359, 361, 362, 363, 364, 365, 366, 368, 370, 372, 377, 378, 380, 381, 383, 387, 392, 393, 394, 398, 399, 402, 403, 405, 406, 407, 408, 409, 410, 411, 418, 419, 420, 423, 430, 432, 433, 434, 435, 437, 438, 439, 440, 442, 443, 444, 446, 447, 455, 456, 457, 460, 461, 462, 464, 465, 468, 469, 470, 472, 473, 474, 475, 478, 479, 481, 484, 485, 488, 489, 490, 492, 497, 498, 502, 503, 508, 523, 527, 528, 534, 536, 543, 544, 547, 548, 552, 553, 554, 555, 559, 564, 565, 566, 571, 572, 573, 578, 582, 585, 586, 587, 590, 593, 594, 595, 599, 601, 604, 607, 609, 611, 612, 615, 616, 618, 620, 623, 624, 626, 627, 629, 631, 636, 638, 641, 642, 643, 646, 651, 657, 659, 661, 662, 664, 668, 671, 672, 674, 675, 682, 684, 686, 688, 690, 691, 693, 697, 698, 701, 704, 705, 707, 711, 716, 718, 719, 720, 721, 726, 727, 729, 730, 732, 733, 735, 743, 744, 747, 748, 749, 751, 752, 753, 756, 759, 760, 762, 767, 768, 771, 772, 774, 776, 779, 789, 791, 794, 798, 799, 800, 801, 802, 808, 816, 818, 820, 821, 822, 824, 832, 834, 835, 836, 837, 838, 840, 845, 846, 850, 853, 854, 855, 857, 864, 876, 879, 880, 881, 886, 888, 891, 894, 895, 898, 903, 904, 910, 911, 914, 915, 918, 922, 925, 926, 930, 931, 939, 940, 948, 949, 950, 951, 956, 957, 959, 962, 983, 988, 989, 991, 993, 999, 1001, 1014, 1015, 1018, 1020, 1032, 1034, 1036, 1038, 1040, 1041, 1042, 1045, 1046, 1048, 1049, 1050, 1055, 1056, 1057, 1059, 1068, 1071, 1072, 1076, 1081, 1083, 1084, 1086, 1090, 1095, 1097, 1099, 1100, 1102, 1103, 1104, 1106, 1112, 1113, 1116, 1119, 1120, 1126, 1129, 1130, 1132, 1134, 1137, 1138, 1140, 1146, 1150, 1151, 1152, 1153, 1154, 1157, 1160, 1179, 1180, 1183, 1184, 1185, 1188, 1193, 1194, 1197, 1198, 1200, 1201, 1204, 1210, 1216, 1217, 1219, 1222, 1224, 1226, 1232, 1238, 1240, 1246, 1248, 1249, 1250, 1251, 1252, 1256, 1257, 1258, 1263, 1264, 1271}, {0, 523, 12, 1036, 14, 1042, 20, 534, 30, 548, 554, 555, 559, 1076, 566, 59, 571, 1083, 1084, 1090, 1095, 74, 77, 590, 1102, 1103, 81, 82, 593, 1104, 85, 1112, 601, 94, 96, 611, 612, 105, 107, 108, 1132, 112, 113, 1137, 116, 118, 1150, 1152, 129, 641, 1153, 138, 141, 142, 657, 1179, 157, 672, 162, 675, 1194, 686, 1200, 693, 701, 1216, 194, 1219, 1222, 1224, 208, 720, 1232, 1238, 216, 217, 1240, 735, 1248, 1250, 1252, 1257, 1258, 748, 1263, 752, 1264, 1271, 767, 768, 263, 265, 779, 279, 280, 799, 291, 294, 295, 808, 300, 304, 820, 824, 835, 330, 332, 333, 336, 347, 864, 353, 354, 355, 358, 362, 876, 368, 880, 370, 881, 888, 380, 381, 387, 903, 392, 398, 403, 405, 407, 408, 409, 922, 926, 435, 948, 951, 443, 444, 956, 447, 455, 456, 461, 462, 465, 469, 472, 474, 988, 989, 478, 479, 485, 489, 490, 492, 497, 502, 503, 1020}, {768, 129, 1152, 903, 392, 138, 523, 12, 14, 398, 657, 1042, 403, 534, 408, 1179, 30, 291, 548, 1103, 693, 566, 59, 443, 571, 701, 194, 835, 1090, 456, 1224, 330, 77, 462, 590, 208, 81, 82, 336, 465, 85, 720, 1102, 216, 1232, 474, 347, 1238, 478, 354, 355, 1252, 485, 105, 362, 490, 108, 1132, 1257, 1264, 497, 370, 502, 503, 888, 1271, 767}, {768, 129, 392, 14, 398, 1042, 534, 408, 548, 693, 443, 59, 194, 1090, 456, 1224, 590, 208, 336, 82, 465, 720, 85, 347, 478, 1252, 485, 105, 1257, 108, 1132, 1264, 370, 502, 503, 1271}, {129, 392, 14, 398, 1042, 534, 408, 548, 443, 194, 1090, 456, 208, 720, 82, 478, 485, 105, 1257, 1132, 370, 502}, {129, 194, 1090, 392, 105, 456, 1257, 14, 720, 82, 370, 534, 408}, {194, 1090, 456, 105, 1257, 720, 370}, {194}], 1: [{11, 12, 14, 15, 16, 24, 25, 26, 31, 32, 34, 38, 39, 41, 42, 43, 44, 45, 52, 56, 58, 60, 61, 62, 68, 73, 74, 75, 77, 80, 81, 82, 86, 90, 91, 93, 96, 104, 113, 115, 116, 121, 123, 134, 138, 143, 144, 146, 147, 149, 153, 159, 161, 165, 166, 167, 169, 175, 176, 177, 179, 181, 182, 183, 185, 189, 190, 192, 194, 202, 203, 207, 209, 210, 218, 219, 220, 227, 228, 229, 236, 238, 240, 242, 244, 247, 248, 250, 252, 253, 257, 259, 261, 265, 271, 274, 279, 284, 289, 291, 292, 293, 294, 295, 297, 302, 306, 307, 316, 317, 318, 319, 326, 328, 330, 333, 336, 337, 339, 341, 345, 351, 354, 355, 356, 357, 360, 361, 363, 367, 370, 374, 376, 380, 381, 384, 385, 387, 390, 392, 394, 395, 410, 411, 412, 415, 420, 425, 428, 433, 435, 450, 451, 456, 466, 472, 474, 477, 478, 481, 482, 485, 487, 488, 490, 494, 498, 500, 503, 505, 507, 521, 522, 523, 527, 528, 534, 535, 540, 544, 549, 555, 557, 565, 567, 570, 571, 579, 586, 587, 588, 589, 593, 594, 602, 607, 609, 610, 615, 619, 621, 622, 627, 628, 629, 630, 631, 632, 634, 637, 639, 641, 643, 644, 650, 654, 658, 666, 667, 668, 670, 674, 678, 680, 684, 685, 688, 690, 693, 698, 701, 707, 709, 710, 714, 716, 721, 723, 732, 733, 736, 738, 739, 742, 743, 748, 753, 755, 762, 768, 769, 771, 778, 781, 786, 787, 788, 789, 790, 791, 792, 794, 796, 799, 801, 805, 806, 807, 811, 813, 814, 815, 817, 822, 824, 828, 829, 830, 832, 837, 840, 843, 847, 849, 850, 852, 854, 856, 860, 864, 865, 866, 867, 870, 871, 872, 873, 877, 878, 882, 884, 885, 896, 897, 899, 900, 901, 905, 908, 910, 911, 912, 921, 925, 928, 930, 936, 937, 939, 942, 950, 953, 954, 956, 957, 961, 963, 965, 970, 972, 973, 974, 975, 976, 978, 980, 981, 985, 990, 993, 994, 996, 997, 998, 1001, 1003, 1006, 1009, 1010, 1014, 1015, 1017, 1021, 1022, 1023, 1028, 1041, 1043, 1044, 1046, 1049, 1050, 1053, 1054, 1055, 1056, 1057, 1058, 1062, 1063, 1064, 1066, 1067, 1069, 1071, 1072, 1075, 1076, 1078, 1079, 1084, 1085, 1086, 1087, 1090, 1091, 1097, 1103, 1104, 1107, 1113, 1114, 1123, 1130, 1136, 1137, 1147, 1152, 1162, 1181, 1183, 1198, 1202, 1204, 1205, 1207, 1212, 1213, 1217, 1221, 1223, 1224, 1226, 1231, 1234, 1238, 1239, 1242, 1246, 1252, 1255, 1258, 1262, 1270}, {1090, 291, 387, 326, 615, 328, 456, 330, 370, 307, 435, 86, 1238, 26, 477}], 2: [{0, 1, 2, 3, 1025, 1026, 9, 12, 1036, 527, 528, 17, 19, 534, 23, 536, 1050, 27, 29, 1053, 1058, 548, 37, 549, 45, 1069, 559, 1071, 1072, 1073, 1074, 564, 566, 1078, 569, 1081, 59, 1082, 1084, 1085, 1089, 1090, 1093, 583, 587, 1099, 77, 590, 1100, 1103, 81, 82, 593, 84, 594, 86, 595, 1104, 89, 1113, 91, 603, 604, 94, 607, 96, 608, 1119, 611, 614, 1128, 105, 107, 108, 111, 1136, 1137, 116, 628, 1140, 1142, 120, 632, 635, 638, 1152, 641, 1158, 660, 153, 154, 666, 1183, 672, 1184, 162, 675, 1194, 683, 172, 173, 685, 175, 686, 689, 178, 691, 180, 692, 693, 183, 184, 185, 694, 695, 700, 189, 701, 191, 702, 703, 194, 705, 196, 706, 1216, 1217, 713, 202, 203, 207, 719, 210, 1238, 727, 1240, 729, 732, 734, 223, 735, 736, 1250, 1251, 741, 1257, 746, 748, 239, 244, 245, 246, 247, 248, 249, 250, 756, 760, 253, 762, 767, 768, 262, 263, 264, 265, 266, 777, 779, 780, 782, 272, 273, 277, 789, 791, 794, 287, 288, 289, 292, 293, 295, 298, 300, 818, 308, 820, 823, 826, 828, 319, 832, 836, 325, 326, 837, 838, 329, 330, 331, 332, 333, 839, 840, 846, 848, 850, 352, 353, 354, 355, 358, 359, 361, 362, 363, 875, 365, 366, 368, 880, 370, 374, 886, 888, 380, 381, 900, 389, 391, 392, 903, 904, 907, 1198, 909, 398, 911, 400, 401, 913, 919, 409, 410, 411, 924, 414, 926, 418, 420, 421, 422, 932, 935, 939, 946, 948, 437, 440, 443, 444, 955, 956, 457, 969, 462, 975, 464, 977, 468, 469, 983, 472, 475, 478, 479, 990, 483, 484, 488, 1001, 490, 1005, 497, 1013, 1014, 507, 1020, 1023}, {0, 1, 3, 19, 534, 536, 1050, 29, 1058, 548, 45, 559, 1084, 1085, 1090, 587, 77, 590, 1103, 1104, 81, 82, 94, 96, 608, 105, 1136, 1137, 116, 632, 660, 153, 154, 162, 175, 689, 178, 180, 692, 693, 1217, 194, 196, 203, 207, 1238, 735, 1257, 247, 767, 263, 266, 779, 780, 277, 292, 298, 325, 326, 330, 332, 333, 848, 354, 355, 358, 359, 361, 362, 363, 366, 370, 381, 389, 398, 410, 411, 924, 420, 422, 939, 443, 444, 956, 975, 464, 977, 468, 472, 478, 479, 483, 484, 1023}, {0, 1, 389, 263, 398, 19, 277, 536, 153, 410, 548, 298, 939, 559, 180, 443, 1217, 1090, 326, 330, 587, 332, 77, 333, 975, 464, 81, 82, 977, 468, 1103, 1238, 478, 479, 735, 484, 358, 105, 361, 362, 363, 1257, 366, 247, 381}, {484, 389, 326, 263, 361, 330, 363, 77, 333, 398, 464, 81, 82, 19, 468, 277, 536}, {484, 389, 326, 330, 363, 398, 19, 468, 277, 536}, {536, 330, 19, 326}, {536, 330, 326}, {330}], 3: [{0, 1, 4, 6, 7, 9, 11, 12, 13, 14, 17, 18, 20, 22, 23, 27, 29, 32, 33, 34, 35, 37, 41, 42, 43, 51, 57, 59, 62, 64, 66, 68, 70, 74, 75, 77, 81, 82, 83, 84, 86, 89, 90, 91, 93, 95, 96, 97, 98, 108, 109, 112, 114, 118, 119, 120, 121, 126, 127, 135, 136, 139, 140, 149, 151, 152, 153, 154, 155, 156, 159, 162, 163, 165, 166, 167, 171, 172, 173, 174, 175, 176, 177, 178, 179, 180, 183, 184, 185, 186, 187, 188, 189, 190, 191, 192, 193, 194, 196, 199, 203, 204, 207, 208, 211, 218, 220, 221, 222, 223, 224, 227, 233, 235, 238, 239, 240, 241, 242, 243, 244, 247, 248, 249, 250, 251, 252, 253, 254, 255, 257, 258, 259, 260, 261, 264, 265, 266, 267, 269, 271, 273, 276, 277, 281, 282, 284, 285, 288, 289, 292, 293, 294, 295, 296, 297, 298, 300, 303, 304, 307, 308, 310, 312, 314, 316, 317, 319, 320, 326, 328, 332, 333, 336, 342, 347, 349, 353, 354, 355, 357, 358, 359, 361, 362, 365, 366, 368, 369, 370, 372, 374, 375, 376, 378, 380, 382, 384, 385, 389, 391, 392, 394, 395, 398, 400, 401, 402, 403, 405, 407, 408, 409, 410, 411, 416, 423, 429, 430, 431, 433, 434, 437, 438, 439, 442, 444, 448, 450, 456, 459, 462, 467, 468, 472, 474, 475, 478, 481, 483, 485, 487, 488, 490, 492, 497, 499, 501, 502, 504, 506, 507, 509, 510, 512, 517, 519, 521, 525, 527, 528, 529, 534, 535, 536, 539, 540, 542, 544, 547, 548, 549, 550, 552, 553, 554, 556, 565, 566, 568, 569, 571, 572, 573, 577, 578, 583, 584, 586, 587, 588, 589, 590, 594, 595, 596, 597, 599, 600, 605, 607, 608, 610, 613, 617, 618, 619, 624, 627, 628, 629, 631, 632, 638, 639, 641, 642, 643, 644, 646, 649, 650, 651, 652, 653, 654, 655, 658, 659, 660, 662, 666, 667, 669, 670, 671, 673, 674, 677, 678, 679, 681, 682, 683, 684, 685, 686, 689, 690, 691, 693, 694, 696, 697, 698, 699, 702, 704, 707, 709, 710, 711, 712, 713, 714, 715, 716, 718, 719, 720, 722, 727, 728, 729, 730, 731, 732, 734, 735, 736, 738, 739, 742, 743, 744, 745, 748, 749, 751, 753, 755, 756, 757, 758, 759, 760, 762, 763, 766, 769, 771, 772, 773, 777, 781, 782, 784, 785, 787, 788, 789, 792, 793, 794, 795, 798, 799, 801, 802, 803, 805, 809, 812, 816, 819, 820, 821, 822, 823, 824, 826, 827, 828, 829, 830, 831, 832, 835, 836, 837, 838, 840, 848, 850, 853, 854, 856, 857, 861, 864, 866, 870, 875, 878, 879, 881, 884, 886, 887, 888, 889, 890, 891, 892, 894, 899, 900, 904, 905, 906, 909, 910, 911, 913, 917, 919, 923, 925, 926, 929, 930, 932, 933, 934, 938, 939, 946, 948, 949, 950, 951, 953, 955, 956, 957, 958, 959, 962, 964, 965, 967, 968, 972, 973, 975, 977, 978, 979, 982, 987, 988, 990, 992, 993, 1001, 1005, 1010, 1011, 1013, 1014, 1016, 1022, 1023, 1027, 1028, 1035, 1040, 1041, 1042, 1044, 1046, 1047, 1050, 1052, 1053, 1054, 1055, 1056, 1057, 1058, 1059, 1060, 1062, 1063, 1067, 1069, 1071, 1072, 1073, 1075, 1076, 1078, 1079, 1080, 1081, 1082, 1084, 1085, 1086, 1089, 1090, 1092, 1095, 1102, 1104, 1108, 1110, 1112, 1113, 1114, 1118, 1119, 1120, 1121, 1122, 1126, 1128, 1129, 1130, 1132, 1136, 1138, 1139, 1144, 1146, 1147, 1148, 1150, 1151, 1152, 1156, 1158, 1159, 1173, 1177, 1180, 1183, 1184, 1185, 1186, 1197, 1198, 1203, 1208, 1209, 1212, 1213, 1216, 1217, 1218, 1219, 1220, 1222, 1224, 1225, 1226, 1228, 1230, 1232, 1233, 1234, 1235, 1238, 1241, 1246, 1250, 1251, 1254, 1255, 1256, 1257, 1259, 1260, 1261, 1265, 1269, 1270, 1273}, {0, 512, 1027, 517, 521, 1035, 14, 534, 536, 1052, 29, 1055, 1057, 547, 548, 552, 1067, 1071, 1073, 1078, 57, 59, 571, 572, 62, 1085, 68, 583, 584, 74, 586, 587, 81, 82, 1112, 1113, 90, 1118, 96, 617, 1132, 627, 632, 121, 1146, 641, 642, 644, 646, 1158, 1159, 649, 139, 654, 659, 660, 667, 156, 669, 684, 689, 691, 697, 699, 702, 192, 193, 704, 1218, 1224, 714, 716, 1228, 718, 207, 1230, 1232, 1234, 1241, 734, 223, 738, 227, 739, 743, 1255, 745, 1257, 748, 749, 238, 751, 758, 247, 248, 760, 762, 1270, 1273, 260, 773, 265, 266, 777, 273, 276, 789, 794, 798, 799, 288, 293, 298, 303, 823, 827, 317, 319, 831, 835, 326, 328, 332, 333, 354, 355, 358, 361, 875, 879, 881, 380, 894, 385, 392, 909, 911, 401, 913, 919, 410, 923, 423, 938, 939, 434, 946, 437, 438, 950, 462, 978, 982, 474, 988, 481, 1001, 1005, 1010, 499, 509}, {0, 512, 1027, 1159, 534, 410, 798, 547, 548, 298, 1073, 57, 59, 571, 319, 1218, 835, 326, 583, 584, 714, 332, 1232, 81, 474, 90, 988, 617, 748, 762, 380, 894}, {547, 548, 1027, 326, 584, 748, 81, 534, 57, 474}], 4: [{0, 384, 770, 771, 389, 395, 398, 528, 274, 403, 407, 791, 666, 794, 284, 1050, 799, 291, 420, 293, 547, 806, 44, 45, 435, 52, 57, 59, 443, 571, 1217, 194, 203, 716, 77, 207, 336, 1234, 1114, 478, 353, 481, 1250, 357, 359, 1257, 363, 370, 1015, 633, 1146}, {0, 806, 44, 716, 407, 57, 1050, 59}, {59}, {59}, {59}], 5: [{0, 1, 1025, 1028, 9, 14, 527, 528, 17, 1041, 19, 534, 535, 536, 1050, 27, 30, 1059, 548, 549, 42, 1067, 44, 1068, 1069, 1075, 569, 59, 1083, 1084, 1085, 1090, 583, 584, 585, 587, 1099, 77, 590, 1100, 1102, 81, 82, 595, 84, 86, 1112, 89, 1113, 94, 607, 608, 1119, 613, 616, 105, 1129, 1133, 1136, 116, 120, 1146, 1150, 641, 1158, 1159, 649, 659, 661, 662, 154, 668, 672, 673, 165, 677, 169, 173, 686, 179, 693, 183, 184, 186, 700, 190, 702, 193, 194, 705, 196, 1217, 204, 207, 720, 721, 210, 1238, 730, 733, 734, 735, 736, 738, 1250, 1257, 748, 238, 241, 244, 756, 247, 249, 762, 763, 252, 767, 768, 262, 263, 264, 265, 272, 277, 278, 789, 791, 794, 285, 288, 289, 291, 292, 293, 295, 298, 818, 308, 310, 836, 325, 326, 330, 332, 333, 850, 358, 359, 361, 362, 363, 365, 366, 370, 883, 372, 374, 888, 380, 381, 892, 389, 391, 909, 398, 401, 914, 403, 410, 925, 414, 926, 931, 420, 421, 422, 423, 932, 939, 435, 948, 439, 443, 444, 956, 958, 975, 977, 468, 469, 472, 475, 478, 479, 991, 484, 488, 490, 497, 499, 1014, 507, 1020, 1023}, {0, 641, 389, 391, 9, 265, 398, 527, 19, 534, 536, 794, 1050, 1099, 414, 672, 673, 291, 420, 421, 548, 932, 298, 44, 179, 435, 310, 59, 443, 444, 702, 1084, 194, 1090, 196, 326, 585, 330, 587, 204, 332, 333, 207, 590, 81, 82, 210, 468, 977, 86, 1102, 1238, 1113, 475, 478, 479, 607, 735, 1119, 484, 361, 490, 363, 1257, 1133, 1136, 499, 883, 888, 1146, 1020, 381, 1150, 767}, {0, 389, 265, 19, 534, 536, 794, 291, 548, 932, 44, 310, 59, 1084, 1090, 326, 585, 330, 204, 332, 333, 207, 82, 468, 1113, 478, 735, 1119, 1257, 490, 1133, 883, 1020, 381, 767}, {0, 291, 389, 326, 330, 490, 204, 44, 332, 207, 1133, 82, 468, 59, 1084, 735}, {291, 326, 1133, 207, 468, 1084, 735}, {1084, 326}, {326}, {326}], 6: [{0, 389, 266, 398, 782, 273, 1041, 403, 534, 662, 285, 931, 420, 677, 295, 423, 553, 42, 298, 681, 186, 59, 443, 1083, 958, 193, 194, 1090, 325, 326, 584, 329, 330, 332, 77, 333, 590, 720, 81, 846, 977, 468, 983, 1112, 730, 604, 733, 991, 353, 738, 358, 742, 488, 1257, 366, 368, 370, 499}, {1090, 325, 326, 295, 358, 389, 330, 681, 1257, 77, 398, 720, 273, 977, 1041, 468, 285}, {1090, 326, 330, 1041, 468}, {1090, 326}, {1090, 326}, {326}, {326}, {326}, {326}, {326}, {326}], 7: [{0, 2, 3, 4, 6, 9, 10, 12, 13, 14, 15, 16, 17, 18, 22, 23, 25, 27, 29, 30, 31, 32, 34, 35, 37, 38, 39, 40, 41, 43, 44, 45, 51, 55, 57, 58, 60, 61, 63, 66, 67, 69, 70, 71, 73, 77, 78, 79, 80, 82, 86, 88, 89, 90, 91, 93, 94, 95, 96, 97, 102, 104, 105, 106, 107, 108, 109, 110, 114, 115, 116, 119, 123, 124, 128, 129, 130, 131, 134, 135, 138, 143, 144, 145, 146, 150, 151, 153, 154, 155, 156, 161, 163, 164, 165, 166, 167, 170, 173, 175, 180, 181, 184, 185, 188, 189, 190, 191, 192, 193, 194, 195, 196, 197, 199, 200, 203, 207, 208, 216, 217, 218, 219, 230, 232, 233, 234, 235, 239, 240, 241, 245, 246, 248, 250, 251, 252, 254, 255, 257, 258, 260, 262, 264, 268, 270, 272, 273, 274, 275, 277, 278, 279, 280, 281, 283, 284, 285, 287, 288, 291, 292, 293, 294, 295, 297, 298, 300, 302, 304, 306, 308, 310, 314, 317, 318, 320, 326, 333, 337, 341, 342, 347, 348, 349, 351, 352, 353, 354, 359, 361, 362, 364, 365, 366, 367, 369, 370, 372, 373, 374, 376, 380, 381, 382, 383, 384, 387, 389, 392, 393, 398, 401, 403, 404, 408, 409, 410, 411, 412, 414, 415, 416, 417, 420, 421, 422, 424, 425, 426, 429, 430, 433, 434, 438, 439, 440, 441, 443, 446, 450, 451, 454, 455, 456, 457, 458, 461, 462, 466, 468, 470, 472, 474, 478, 481, 482, 486, 488, 489, 490, 493, 495, 498, 499, 505, 506, 509, 510, 521, 526, 528, 530, 532, 533, 534, 539, 542, 544, 546, 548, 549, 550, 551, 553, 556, 557, 562, 563, 564, 565, 566, 573, 577, 578, 582, 583, 585, 587, 589, 590, 591, 594, 595, 597, 599, 602, 603, 604, 605, 606, 608, 611, 612, 613, 614, 617, 619, 622, 624, 625, 626, 630, 631, 633, 635, 637, 640, 644, 645, 647, 648, 650, 652, 654, 656, 658, 660, 661, 662, 663, 665, 668, 670, 671, 674, 675, 676, 677, 680, 686, 687, 688, 692, 694, 695, 700, 703, 705, 706, 710, 711, 712, 713, 714, 715, 716, 717, 718, 720, 721, 722, 724, 725, 729, 730, 731, 733, 734, 737, 738, 739, 740, 741, 744, 746, 747, 748, 750, 752, 753, 754, 758, 762, 763, 764, 767, 769, 771, 772, 775, 776, 777, 780, 784, 785, 787, 788, 791, 795, 796, 797, 800, 803, 804, 805, 806, 807, 809, 810, 812, 813, 816, 818, 821, 823, 824, 825, 826, 827, 832, 833, 834, 837, 838, 839, 841, 842, 844, 846, 849, 850, 851, 853, 854, 855, 858, 859, 860, 862, 863, 864, 867, 868, 869, 871, 874, 876, 877, 880, 881, 882, 885, 887, 888, 890, 891, 893, 894, 895, 897, 898, 899, 902, 904, 905, 906, 907, 908, 909, 910, 911, 913, 915, 916, 917, 918, 919, 920, 924, 926, 927, 928, 929, 930, 931, 932, 933, 934, 935, 936, 940, 941, 947, 948, 949, 950, 951, 952, 953, 954, 955, 959, 960, 961, 963, 965, 966, 967, 968, 969, 970, 971, 972, 973, 974, 975, 976, 977, 978, 979, 980, 981, 983, 984, 986, 988, 990, 991, 992, 995, 998, 1000, 1001, 1002, 1003, 1007, 1008, 1010, 1012, 1014, 1015, 1016, 1017, 1018, 1019, 1022, 1023, 1024, 1026, 1028, 1029, 1030, 1033, 1037, 1038, 1039, 1040, 1044, 1048, 1049, 1050, 1052, 1055, 1056, 1058, 1059, 1060, 1061, 1062, 1063, 1067, 1068, 1070, 1072, 1074, 1077, 1078, 1080, 1081, 1084, 1085, 1087, 1088, 1089, 1090, 1093, 1094, 1096, 1097, 1098, 1099, 1102, 1103, 1104, 1107, 1110, 1112, 1114, 1115, 1118, 1119, 1120, 1124, 1126, 1127, 1128, 1129, 1132, 1133, 1136, 1142, 1146, 1147, 1150, 1154, 1156, 1161, 1162, 1169, 1179, 1180, 1181, 1183, 1184, 1189, 1191, 1194, 1196, 1198, 1199, 1201, 1206, 1207, 1208, 1209, 1211, 1212, 1213, 1216, 1218, 1221, 1225, 1227, 1228, 1231, 1232, 1239, 1240, 1242, 1243, 1246, 1248, 1250, 1251, 1253, 1254, 1255, 1256, 1257, 1258, 1260, 1261, 1262, 1263, 1268, 1271, 1272}, {1024, 2, 1026, 6, 1030, 10, 1037, 1039, 1040, 18, 534, 23, 1050, 27, 31, 32, 1059, 548, 1061, 553, 44, 1068, 1070, 1072, 1074, 563, 1077, 57, 1084, 1088, 66, 1090, 1093, 582, 583, 585, 1098, 587, 1099, 589, 78, 590, 1104, 82, 595, 597, 89, 1114, 603, 606, 95, 1119, 97, 614, 1128, 107, 114, 1142, 119, 1146, 640, 130, 648, 661, 663, 665, 1180, 675, 164, 170, 1198, 687, 1201, 692, 695, 700, 705, 717, 720, 721, 216, 217, 1246, 1250, 1251, 740, 744, 1257, 234, 746, 748, 245, 767, 780, 273, 278, 791, 284, 287, 291, 804, 295, 298, 810, 818, 821, 834, 326, 839, 844, 337, 850, 851, 351, 869, 361, 874, 369, 370, 380, 384, 387, 389, 902, 392, 393, 907, 913, 404, 919, 410, 416, 421, 422, 426, 941, 430, 949, 438, 443, 955, 451, 966, 969, 971, 462, 468, 980, 474, 988, 478, 995, 490, 1002, 1007, 1012, 510}, {6, 534, 665, 1180, 416, 298, 563, 1093, 326, 582, 462, 590, 1104, 850, 980, 216, 217, 1114, 988, 95, 97, 744, 361, 490, 107, 748, 370}, {582, 298, 107, 748, 462, 216}], 8: [{522, 11, 13, 528, 1040, 533, 23, 542, 544, 34, 35, 548, 38, 1063, 1072, 563, 57, 59, 572, 1086, 66, 1092, 586, 590, 1102, 594, 599, 1112, 601, 1114, 91, 93, 95, 97, 609, 105, 1129, 1130, 1132, 114, 118, 121, 1152, 1156, 141, 153, 167, 180, 1212, 1216, 193, 1218, 196, 1225, 203, 1228, 207, 208, 1234, 216, 217, 1250, 1251, 1252, 1254, 1257, 1259, 748, 751, 1264, 778, 781, 789, 281, 284, 285, 291, 293, 297, 298, 303, 304, 325, 326, 336, 342, 349, 354, 355, 368, 369, 387, 389, 393, 394, 395, 400, 429, 440, 447, 965, 972, 462, 465, 467, 468, 469, 1001, 490, 1014, 1016}, {387, 1156, 389, 393, 11, 395, 141, 781, 1040, 533, 281, 285, 35, 298, 304, 180, 440, 59, 572, 447, 196, 325, 326, 1225, 462, 1102, 465, 1234, 467, 468, 469, 95, 1252, 1129, 1257, 1259, 748, 1132, 751, 1264, 114, 118, 1016}, {387, 389, 393, 395, 141, 1040, 533, 298, 304, 440, 325, 326, 1225, 465, 1257, 1259, 748, 1132, 1264}, {387, 389, 326, 1257, 298, 395, 1132, 141, 1264, 533, 440}, {389, 326, 298, 1132, 1264}, {1264, 1132, 389, 326}, {389}, {389}], 9: [{0, 768, 643, 771, 265, 394, 395, 523, 398, 527, 528, 274, 403, 1046, 407, 1056, 930, 291, 292, 295, 435, 57, 59, 443, 571, 203, 588, 77, 333, 207, 462, 81, 590, 1234, 1114, 478, 1119, 353, 481, 357, 359, 488, 490, 623, 1146, 380}, {0, 291, 462, 398, 1234, 1146, 59}, {59}], 10: [{0, 768, 771, 395, 523, 398, 274, 668, 925, 159, 415, 31, 1183, 291, 939, 435, 52, 59, 443, 317, 196, 203, 587, 77, 207, 208, 721, 1234, 856, 1113, 478, 607, 97, 1250, 357, 381, 895}, {97, 895}], 11: [{130, 1156, 389, 1160, 906, 270, 275, 534, 280, 409, 536, 794, 925, 548, 932, 1061, 425, 298, 171, 45, 308, 309, 693, 311, 57, 58, 187, 570, 1217, 1218, 325, 326, 588, 77, 1228, 468, 981, 86, 1239, 216, 90, 475, 604, 94, 485, 361, 234, 1131, 1257, 365, 1260, 1264, 498, 502, 382}], 12: [{0, 1027, 6, 8, 522, 523, 527, 529, 18, 1042, 1046, 536, 25, 1054, 39, 555, 559, 563, 564, 55, 57, 570, 574, 1090, 579, 1091, 582, 583, 589, 80, 81, 82, 595, 1107, 599, 90, 602, 1114, 1118, 96, 97, 104, 617, 1131, 622, 1135, 1152, 641, 1154, 1160, 1179, 1180, 1181, 1192, 1206, 1207, 1209, 1218, 1220, 197, 1223, 1224, 203, 1228, 207, 208, 216, 217, 1252, 1254, 1257, 1260, 1261, 1271, 766, 263, 264, 273, 281, 794, 298, 303, 306, 309, 310, 312, 315, 320, 325, 326, 331, 336, 341, 345, 351, 353, 354, 365, 370, 387, 389, 390, 395, 397, 415, 416, 419, 434, 436, 443, 960, 451, 456, 475, 478, 482, 485, 488, 490, 494, 497, 498, 506}, {387, 389, 522, 395, 527, 1046, 536, 281, 1179, 416, 298, 555, 303, 306, 434, 309, 315, 443, 574, 960, 451, 579, 1220, 1223, 331, 207, 80, 336, 595, 216, 217, 602, 475, 478, 96, 353, 1252, 485, 1257, 490, 1260, 494, 497, 498, 506}, {1252, 389, 485, 331, 555, 207, 498, 216, 281, 475}], 13: [{899, 1028, 389, 393, 395, 141, 658, 1047, 281, 666, 925, 926, 1054, 32, 291, 549, 550, 553, 298, 949, 59, 1084, 829, 64, 193, 577, 1090, 196, 325, 326, 975, 465, 850, 469, 472, 90, 989, 96, 744, 747, 1132, 238, 1147, 1149}, {64, 291, 550, 553, 298, 1132, 465, 59}, {59, 1132}, {59, 1132}], 14: [{0, 387, 389, 141, 781, 529, 533, 1047, 1058, 291, 298, 1198, 180, 438, 440, 59, 60, 443, 66, 194, 196, 325, 326, 1221, 336, 81, 82, 465, 469, 216, 1112, 474, 1246, 1254, 1132, 888}, {0, 325, 1112, 298, 1132, 465, 438, 216, 474, 59}, {1112, 465}, {1112}], 15: [{389, 395, 398, 405, 409, 925, 545, 548, 171, 309, 693, 312, 570, 1210, 1090, 325, 326, 1224, 331, 1106, 216, 90, 475, 361, 234, 748, 498}, {545, 1090, 325, 326, 389, 1224, 331, 171, 395, 398, 748, 498, 405, 312, 1210}, {1090, 325, 331, 398, 498, 405, 1210}, {1210, 331, 325, 405}, {331, 325, 405}, {331, 325, 405}], 16: [{129, 1027, 389, 532, 406, 1178, 1179, 548, 298, 948, 1090, 207, 208, 1104, 1106, 1111, 988, 478, 96, 358, 1263}, {129, 1027, 548, 298, 207, 1106, 532}, {129, 298, 548, 207}], 17: [{1, 1025, 3, 4, 1027, 6, 10, 11, 522, 13, 14, 15, 526, 1040, 1043, 20, 532, 534, 24, 536, 1050, 29, 32, 1058, 35, 38, 1063, 554, 555, 556, 45, 557, 558, 48, 559, 561, 1067, 52, 1072, 54, 566, 56, 57, 58, 567, 571, 1080, 1081, 1082, 1083, 65, 66, 577, 578, 579, 1091, 1092, 584, 73, 585, 586, 587, 77, 588, 1102, 80, 81, 82, 595, 85, 86, 597, 599, 601, 602, 1110, 1113, 1114, 94, 607, 1115, 97, 610, 104, 1129, 108, 1132, 1136, 1137, 116, 628, 118, 119, 1146, 1147, 1152, 1153, 134, 647, 1158, 1159, 138, 141, 662, 151, 153, 154, 1179, 1181, 672, 1184, 1189, 680, 1193, 1196, 1198, 1199, 1202, 180, 1204, 1205, 1208, 1211, 1212, 1213, 1216, 1217, 194, 1218, 196, 1219, 198, 199, 200, 1220, 1221, 203, 1223, 1225, 1226, 207, 208, 209, 1228, 1231, 212, 1232, 726, 1234, 216, 217, 1239, 219, 220, 1242, 734, 1246, 1247, 1248, 1250, 1251, 1253, 742, 1257, 1259, 748, 237, 1264, 1270, 1271, 249, 253, 766, 258, 264, 265, 268, 269, 783, 277, 284, 291, 292, 298, 817, 308, 321, 322, 841, 331, 333, 334, 336, 339, 341, 342, 344, 347, 350, 351, 353, 359, 360, 361, 362, 365, 366, 368, 371, 883, 888, 380, 387, 389, 395, 398, 400, 912, 913, 408, 409, 410, 411, 412, 921, 933, 423, 430, 435, 437, 438, 439, 954, 446, 447, 960, 450, 451, 452, 456, 461, 464, 465, 979, 980, 981, 471, 472, 475, 478, 479, 481, 482, 484, 487, 489, 490, 494, 497, 499, 502, 503, 1014, 505, 506, 510}, {3, 1027, 11, 15, 1043, 532, 24, 536, 29, 554, 556, 48, 52, 567, 56, 1080, 58, 1081, 1082, 1083, 577, 66, 579, 584, 587, 588, 81, 82, 85, 601, 602, 1113, 1114, 607, 97, 108, 1132, 1152, 1158, 141, 662, 154, 1179, 1189, 180, 1205, 1212, 1216, 1217, 194, 196, 1221, 1223, 200, 1225, 207, 208, 209, 1231, 1234, 1239, 216, 1242, 219, 1247, 1251, 1253, 742, 748, 237, 1264, 1271, 268, 269, 291, 292, 298, 308, 321, 322, 331, 336, 339, 344, 347, 353, 360, 361, 362, 387, 389, 395, 408, 410, 411, 412, 430, 435, 437, 439, 451, 456, 461, 464, 465, 979, 980, 981, 471, 475, 478, 481, 484, 497, 499, 502, 503}, {1152, 3, 387, 1158, 11, 395, 141, 269, 1043, 662, 1179, 29, 291, 298, 554, 430, 180, 56, 1082, 1083, 1217, 66, 584, 587, 207, 464, 81, 82, 85, 471, 344, 216, 347, 607, 1247, 353, 1132, 1264, 502, 503, 1271}, {353, 291, 387, 1083, 298, 1132, 1179, 1264, 81, 82, 1043, 85, 502, 347}, {82, 1083, 1179, 502}, {82, 1083, 1179}, {1179}, {1179}, {1179}, {1179}, {1179}], 18: [{1, 4, 7, 9, 521, 528, 529, 1045, 534, 1058, 554, 43, 557, 558, 1069, 48, 1071, 1072, 563, 54, 1083, 1089, 1090, 1091, 70, 75, 587, 1100, 1102, 1103, 593, 82, 85, 86, 601, 1123, 1128, 617, 1130, 108, 1132, 114, 1148, 1152, 1153, 642, 1156, 645, 649, 138, 650, 651, 1162, 662, 152, 1178, 155, 1179, 669, 174, 686, 176, 178, 179, 1204, 184, 185, 188, 194, 198, 200, 1224, 206, 207, 1232, 722, 1234, 216, 1240, 734, 1246, 1251, 1252, 233, 1257, 748, 237, 238, 1264, 242, 759, 760, 762, 792, 282, 794, 795, 798, 289, 293, 295, 812, 303, 819, 822, 824, 826, 316, 829, 326, 328, 331, 856, 861, 354, 879, 884, 375, 378, 384, 385, 900, 389, 392, 904, 395, 922, 411, 925, 933, 939, 946, 950, 440, 955, 958, 453, 455, 967, 461, 464, 465, 469, 981, 471, 989, 478, 483, 485, 1001, 1006, 1011, 502, 503, 504}, {385, 389, 645, 904, 529, 534, 792, 282, 925, 440, 1091, 455, 587, 464, 465, 82, 1234, 85, 469, 216, 354, 1123, 485, 748, 1132, 503}, {354, 1123, 485, 440, 1132, 464, 465, 469, 534, 216}, {485, 464, 465, 469, 534, 216}, {464, 485}, {485}, {485}, {485}], 19: [{490, 395, 492, 1258, 1261, 1264, 81, 497, 405, 821, 216}], 20: [], 21: [{0, 512, 641, 388, 261, 398, 1168, 147, 406, 534, 409, 1178, 1179, 35, 419, 548, 680, 940, 45, 48, 434, 1074, 309, 1205, 440, 571, 1213, 449, 1219, 325, 1223, 456, 1224, 208, 464, 465, 340, 471, 216, 1241, 349, 222, 1248, 97, 353, 1125, 359, 362, 491, 492, 112, 1136, 371, 501, 890}, {512, 1168, 680, 45, 440, 449, 325, 456, 1224, 464, 465, 340, 216, 1241, 97, 359, 362, 371, 501}, {456, 1224, 45, 1168, 464, 440, 1241}, {440, 1241, 45}], 22: [{0, 512, 3, 4, 1027, 9, 10, 11, 522, 13, 1038, 527, 528, 1043, 534, 24, 536, 26, 29, 32, 547, 548, 1059, 1060, 1063, 1065, 554, 555, 1067, 45, 559, 1072, 564, 1077, 54, 1232, 56, 57, 58, 59, 571, 1082, 574, 1083, 1086, 1088, 578, 579, 1090, 1091, 1234, 583, 584, 73, 75, 587, 77, 588, 589, 80, 81, 82, 592, 595, 85, 1102, 599, 600, 601, 1106, 1110, 1111, 605, 94, 95, 96, 607, 1114, 611, 1115, 613, 1118, 1122, 1123, 1129, 106, 1132, 1136, 114, 1139, 118, 1146, 641, 1157, 1158, 1159, 1160, 138, 141, 149, 152, 153, 1179, 674, 1191, 172, 1198, 175, 1200, 689, 180, 1204, 1206, 1207, 184, 1211, 188, 1213, 1216, 1217, 194, 195, 197, 198, 1221, 200, 1222, 1223, 203, 715, 1224, 1225, 207, 208, 209, 719, 1226, 1228, 1229, 1230, 1231, 216, 217, 1233, 219, 1241, 221, 222, 734, 1242, 1246, 226, 1247, 740, 1248, 1250, 1252, 1253, 1257, 1258, 748, 239, 1264, 1265, 754, 1269, 758, 1271, 1273, 768, 258, 771, 772, 268, 780, 781, 272, 273, 276, 796, 285, 286, 291, 292, 804, 809, 298, 300, 303, 815, 818, 307, 308, 819, 320, 321, 325, 326, 331, 332, 336, 850, 345, 346, 347, 860, 350, 351, 863, 353, 865, 867, 359, 360, 361, 362, 363, 365, 880, 370, 883, 376, 382, 384, 387, 389, 393, 395, 909, 398, 912, 913, 403, 405, 406, 408, 920, 410, 412, 416, 419, 933, 422, 425, 940, 1103, 431, 946, 436, 437, 440, 447, 451, 456, 970, 971, 461, 462, 463, 464, 465, 467, 979, 469, 980, 475, 477, 478, 479, 481, 482, 998, 488, 1000, 490, 493, 1005, 1013, 502, 503, 1014, 505, 506}, {0, 512, 1027, 1160, 781, 398, 276, 534, 153, 1179, 419, 547, 548, 1198, 1072, 56, 1088, 194, 578, 325, 1223, 1225, 208, 81, 82, 1234, 85, 216, 353, 1122, 1252, 748, 1264, 502, 503, 506, 382}, {353, 194, 534}], 23: [{641, 3, 387, 1027, 141, 398, 272, 405, 534, 548, 1060, 302, 175, 55, 1209, 1210, 446, 193, 1090, 325, 326, 967, 1224, 331, 716, 468, 981, 470, 216, 354, 355, 482, 485, 612, 995, 1124, 1251, 1257, 1132, 752, 369, 626, 1264, 502}, {354, 387, 548, 325, 326, 485, 1027, 1224, 1257, 331, 1132, 398, 470, 216}, {387, 325, 326, 485, 1257, 398, 216}, {485, 387, 325, 326}, {387, 325}], 24: [{385, 387, 1161, 138, 268, 141, 398, 534, 1058, 548, 298, 557, 306, 55, 196, 197, 325, 326, 1224, 1111, 1252, 1257, 748, 1150}, {1058, 548, 196, 325, 326, 534}], 25: [{1152, 516, 389, 267, 1165, 14, 15, 145, 530, 534, 24, 408, 1179, 412, 35, 291, 426, 556, 559, 49, 434, 440, 1211, 320, 577, 1088, 195, 579, 1218, 326, 1219, 1222, 203, 587, 207, 1103, 465, 1106, 83, 340, 599, 472, 345, 601, 475, 93, 477, 503, 613, 358, 104, 362, 108, 748, 1264, 502, 119, 506, 379}, {320, 579, 613, 748, 1165, 207, 1103, 24, 1211}, {579, 748}], 26: [{0, 256, 387, 389, 392, 1160, 11, 529, 18, 411, 291, 1194, 304, 434, 52, 309, 440, 1084, 325, 326, 583, 456, 1222, 331, 464, 82, 469, 88, 225, 358, 1257, 1132, 365, 502, 758, 1148}, {291, 325, 358, 326, 1257, 331, 464, 469, 440}, {464, 1257, 358, 326}, {1257, 358}, {1257, 358}, {1257, 358}, {358}, {358}, {358}, {358}, {358}, {358}, {358}], 27: [{0, 1027, 1038, 527, 528, 534, 536, 1056, 547, 548, 553, 554, 1069, 47, 1072, 1077, 566, 56, 1083, 573, 63, 1088, 578, 579, 583, 75, 77, 590, 81, 82, 1110, 599, 90, 602, 605, 96, 1123, 613, 1136, 1139, 1142, 119, 641, 1157, 1160, 149, 153, 667, 1180, 669, 674, 680, 1198, 175, 689, 1206, 184, 1213, 195, 1220, 198, 1223, 200, 1225, 203, 1228, 207, 208, 1234, 1239, 216, 1246, 1248, 226, 1252, 239, 1264, 261, 780, 272, 273, 291, 803, 804, 303, 319, 325, 326, 328, 331, 332, 850, 347, 353, 370, 374, 382, 389, 909, 912, 913, 403, 410, 416, 929, 419, 933, 940, 429, 946, 440, 446, 456, 970, 464, 465, 467, 979, 469, 470, 980, 477, 991, 998, 488, 490, 501, 502, 503, 506}, {353, 674, 291, 548, 325, 326, 1123, 456, 1083, 970, 331, 1225, 464, 465, 467, 216, 347}, {353, 1123, 325, 331, 464}, {464}], 28: [{1027, 6, 1038, 1040, 530, 1043, 21, 1048, 1050, 1063, 555, 1071, 60, 579, 73, 77, 1102, 81, 82, 594, 1107, 86, 89, 1115, 1118, 95, 617, 1130, 1132, 622, 1147, 644, 1158, 652, 1179, 1199, 180, 695, 196, 1223, 207, 208, 1232, 216, 730, 219, 223, 1247, 226, 740, 235, 748, 1260, 1264, 264, 777, 266, 272, 273, 796, 800, 289, 806, 300, 813, 325, 328, 332, 336, 850, 340, 853, 855, 353, 881, 370, 372, 396, 908, 909, 917, 406, 408, 409, 411, 412, 416, 420, 424, 939, 941, 960, 970, 461, 464, 980, 477, 992, 485, 488, 490, 495, 499, 500, 501, 1012}], 29: [{1024, 1028, 521, 1037, 14, 1038, 16, 528, 533, 534, 1050, 29, 1058, 1059, 548, 37, 1060, 1062, 41, 1068, 51, 568, 57, 1087, 1088, 1090, 70, 1096, 587, 1099, 78, 1106, 1112, 601, 90, 603, 94, 1120, 612, 616, 106, 1132, 114, 626, 1142, 631, 119, 634, 637, 641, 130, 131, 134, 646, 648, 651, 155, 1179, 670, 163, 165, 677, 686, 175, 687, 691, 180, 692, 694, 1209, 1210, 700, 193, 198, 1224, 714, 719, 1238, 1239, 216, 1248, 1253, 1257, 746, 748, 1262, 752, 242, 759, 1271, 763, 769, 771, 260, 772, 264, 272, 785, 280, 282, 805, 300, 306, 307, 308, 310, 314, 827, 835, 325, 326, 331, 333, 847, 849, 850, 341, 859, 354, 361, 364, 876, 369, 374, 383, 897, 387, 900, 398, 405, 415, 934, 426, 939, 431, 433, 446, 967, 456, 981, 478, 995, 495, 1007, 498, 1013, 502, 503, 1022}, {1090, 131, 771, 325, 326, 331, 398, 431, 1106, 374, 759, 1239}, {771, 325, 326}, {325, 326}, {325, 326}, {325, 326}], 30: [{0, 641, 1027, 649, 272, 405, 1049, 284, 548, 1060, 171, 175, 439, 1079, 1209, 1210, 1083, 60, 325, 326, 967, 1224, 1098, 331, 716, 85, 981, 472, 216, 233, 1257, 1132, 1133, 241, 369, 626, 502, 505, 1018, 764}, {325, 326, 1224, 1257, 331, 175, 216, 1210, 284}, {216, 1210, 325, 326}, {1210, 325, 326}, {1210}, {1210}, {1210}, {1210}], 31: [{387, 398, 277, 534, 25, 154, 287, 288, 31, 34, 35, 291, 548, 1057, 1058, 1061, 1063, 298, 1067, 1068, 1071, 1072, 1074, 565, 1078, 951, 1081, 1082, 1084, 189, 1085, 1216, 1089, 196, 325, 326, 967, 1224, 586, 588, 589, 336, 82, 1106, 469, 342, 470, 216, 597, 733, 1129, 1002, 107, 1132, 1257, 369, 502, 382, 767}, {387, 398, 534, 25, 154, 1058, 298, 1074, 1078, 951, 1081, 1082, 196, 325, 586, 336, 1106, 469, 342, 470, 1257, 1132, 502, 382}, {387, 325, 298, 951, 154}], 32: [], 33: [{0, 513, 7, 522, 11, 526, 527, 528, 17, 529, 19, 20, 1040, 534, 23, 1043, 25, 1047, 1023, 1049, 29, 1051, 1054, 1056, 547, 36, 548, 38, 1059, 1061, 1062, 1063, 1064, 1068, 45, 1069, 559, 48, 561, 1070, 1072, 564, 565, 566, 1075, 56, 57, 58, 569, 571, 1079, 62, 1084, 1085, 1090, 579, 1091, 581, 582, 1093, 1097, 75, 77, 1101, 1103, 80, 81, 82, 595, 1106, 85, 86, 89, 601, 603, 94, 1119, 608, 97, 1121, 1123, 1126, 1128, 105, 1130, 107, 108, 1134, 112, 113, 1136, 1138, 1142, 1146, 1147, 639, 1152, 1153, 642, 131, 644, 1154, 1158, 1160, 1161, 138, 650, 140, 141, 1162, 144, 657, 658, 147, 1168, 1172, 154, 155, 1179, 1180, 670, 673, 163, 676, 1188, 1194, 173, 174, 1199, 1202, 184, 697, 188, 1213, 190, 193, 194, 195, 196, 197, 1217, 1220, 712, 1222, 202, 203, 1223, 205, 206, 207, 208, 1224, 1230, 727, 216, 217, 1241, 221, 1245, 1247, 1248, 737, 226, 1251, 1252, 742, 1255, 744, 233, 1256, 1257, 1258, 749, 750, 1260, 246, 247, 1270, 250, 253, 258, 263, 778, 271, 276, 277, 788, 281, 796, 285, 286, 287, 291, 298, 817, 307, 308, 309, 310, 312, 314, 315, 319, 831, 836, 326, 328, 329, 330, 331, 332, 333, 334, 840, 336, 844, 852, 344, 349, 352, 353, 354, 361, 362, 874, 365, 877, 373, 886, 887, 888, 380, 382, 894, 387, 388, 389, 903, 392, 398, 406, 925, 419, 424, 937, 428, 429, 434, 436, 439, 440, 443, 444, 445, 447, 960, 450, 451, 452, 453, 456, 970, 972, 461, 462, 464, 465, 979, 469, 984, 474, 477, 483, 484, 485, 487, 490, 492, 497, 499, 502, 1016, 1017, 510, 511}, {388, 389, 392, 657, 1179, 1054, 291, 1063, 440, 326, 203, 80, 208, 464, 465, 469, 216, 474, 477, 1257, 362, 490, 497, 246}, {326, 392, 1257, 490, 246, 216, 1179}, {392, 326, 490, 246}], 34: [{1152, 389, 135, 776, 1039, 1148, 1042, 416, 548, 304, 54, 440, 571, 1221, 1224, 331, 722, 597, 474, 737, 1123, 612, 1257, 1134, 1137, 1267, 630, 252}, {1224, 1257, 1123, 1267}, {1257, 1123}, {1257}], 35: [{384, 512, 897, 259, 389, 6, 265, 138, 146, 277, 536, 665, 27, 800, 161, 420, 421, 38, 548, 44, 1070, 561, 56, 57, 440, 827, 954, 1085, 192, 194, 450, 1220, 325, 326, 199, 327, 328, 456, 967, 971, 79, 208, 336, 977, 595, 1231, 86, 217, 353, 481, 1121, 1253, 103, 743, 617, 490, 999, 748, 365, 1257, 1262, 760, 116, 501, 1268, 503, 504, 638}], 36: [{0, 1160, 393, 526, 534, 924, 288, 291, 298, 308, 1080, 1081, 1082, 325, 464, 85, 216, 494, 1264, 502, 891, 1148}, {291, 393, 1080, 1081, 1082}, {1080, 1081, 1082, 291}, {1080, 1081, 1082}, {1082}, {1082}, {1082}], 37: [{0, 1, 2, 4, 5, 6, 8, 9, 10, 11, 12, 13, 14, 15, 16, 17, 18, 19, 20, 21, 22, 23, 25, 26, 27, 28, 29, 30, 31, 32, 34, 35, 37, 38, 39, 40, 43, 44, 45, 46, 48, 50, 51, 52, 53, 54, 55, 56, 57, 58, 60, 62, 63, 64, 65, 66, 67, 68, 69, 70, 71, 72, 74, 77, 78, 79, 80, 81, 82, 84, 85, 86, 89, 90, 91, 92, 94, 95, 96, 97, 98, 99, 100, 101, 103, 104, 105, 107, 108, 109, 110, 111, 112, 113, 115, 116, 117, 118, 119, 120, 121, 123, 124, 125, 126, 127, 130, 131, 132, 133, 134, 135, 136, 137, 138, 139, 140, 141, 142, 143, 144, 146, 148, 149, 150, 151, 152, 153, 154, 155, 156, 157, 158, 159, 160, 161, 162, 163, 164, 165, 166, 167, 168, 169, 170, 171, 172, 173, 174, 175, 176, 177, 178, 179, 180, 181, 182, 183, 184, 185, 186, 187, 188, 189, 190, 191, 192, 193, 194, 196, 197, 198, 199, 200, 201, 202, 203, 204, 206, 207, 208, 209, 210, 211, 212, 213, 216, 217, 218, 219, 220, 221, 222, 226, 227, 228, 229, 230, 231, 232, 233, 234, 235, 236, 237, 239, 240, 241, 242, 243, 244, 245, 246, 248, 250, 251, 252, 254, 255, 256, 257, 258, 259, 260, 262, 264, 265, 268, 269, 270, 271, 272, 273, 274, 275, 276, 277, 278, 279, 280, 281, 282, 284, 285, 286, 287, 288, 289, 290, 291, 292, 293, 294, 295, 296, 297, 298, 300, 302, 303, 304, 305, 306, 307, 308, 309, 310, 312, 313, 314, 315, 317, 318, 319, 320, 321, 322, 325, 326, 327, 328, 329, 330, 331, 332, 333, 334, 335, 336, 337, 338, 339, 341, 342, 343, 344, 345, 346, 347, 348, 349, 350, 351, 353, 354, 356, 357, 359, 360, 361, 362, 363, 364, 365, 367, 368, 369, 370, 371, 372, 373, 374, 375, 376, 377, 378, 379, 380, 381, 382, 383, 384, 385, 387, 388, 389, 390, 391, 392, 393, 394, 395, 396, 397, 398, 399, 400, 401, 402, 403, 404, 405, 406, 407, 408, 409, 410, 411, 412, 413, 414, 415, 416, 417, 419, 420, 421, 422, 423, 424, 425, 428, 429, 430, 432, 433, 434, 435, 436, 437, 438, 439, 440, 442, 443, 445, 446, 447, 449, 450, 451, 452, 454, 455, 456, 457, 458, 459, 460, 461, 462, 463, 464, 465, 466, 467, 468, 469, 470, 471, 472, 473, 474, 475, 476, 477, 478, 479, 480, 481, 482, 483, 484, 485, 486, 487, 488, 489, 490, 491, 492, 493, 494, 495, 496, 497, 498, 499, 500, 501, 502, 503, 504, 505, 506, 507, 508, 509, 510, 512, 513, 514, 515, 516, 517, 518, 519, 520, 522, 523, 525, 526, 527, 528, 529, 530, 531, 532, 533, 534, 536, 538, 539, 540, 541, 542, 543, 544, 546, 547, 548, 549, 550, 551, 552, 553, 554, 555, 556, 557, 558, 559, 560, 561, 562, 563, 564, 565, 566, 567, 569, 570, 571, 572, 573, 574, 575, 577, 578, 579, 581, 583, 584, 585, 586, 587, 588, 590, 591, 592, 593, 594, 595, 596, 597, 598, 599, 600, 601, 602, 603, 604, 605, 606, 608, 609, 610, 611, 612, 614, 615, 617, 618, 619, 620, 621, 622, 624, 625, 626, 627, 629, 630, 631, 632, 633, 635, 637, 639, 640, 641, 642, 643, 644, 646, 647, 649, 650, 651, 652, 653, 654, 655, 656, 659, 660, 661, 662, 663, 664, 665, 666, 667, 668, 669, 670, 672, 673, 674, 675, 676, 677, 679, 680, 681, 682, 683, 684, 685, 686, 687, 688, 690, 691, 692, 693, 694, 695, 696, 697, 699, 700, 701, 702, 703, 704, 705, 706, 707, 709, 710, 711, 712, 713, 714, 715, 716, 717, 718, 719, 720, 721, 722, 723, 724, 725, 727, 728, 729, 730, 731, 732, 733, 734, 735, 737, 738, 739, 740, 741, 743, 744, 745, 746, 747, 748, 749, 750, 751, 752, 753, 754, 755, 757, 758, 759, 760, 762, 763, 764, 765, 766, 767, 768, 769, 772, 773, 775, 776, 777, 778, 780, 781, 783, 784, 785, 786, 787, 788, 789, 790, 791, 792, 794, 795, 796, 797, 798, 799, 800, 801, 802, 803, 804, 805, 806, 807, 808, 809, 810, 811, 812, 813, 814, 815, 816, 817, 818, 819, 820, 821, 822, 823, 824, 825, 826, 827, 828, 829, 830, 831, 832, 833, 834, 835, 836, 837, 838, 839, 840, 841, 843, 844, 848, 849, 850, 851, 852, 853, 854, 855, 857, 858, 859, 860, 861, 862, 864, 865, 866, 867, 868, 869, 870, 871, 872, 873, 874, 875, 876, 878, 879, 880, 881, 882, 883, 884, 885, 887, 888, 889, 891, 892, 893, 894, 896, 897, 898, 899, 900, 901, 902, 904, 905, 906, 907, 910, 911, 912, 913, 914, 915, 917, 918, 919, 920, 921, 922, 924, 925, 926, 927, 929, 930, 932, 933, 934, 935, 936, 937, 938, 939, 940, 941, 942, 943, 944, 945, 946, 947, 948, 949, 950, 951, 952, 953, 954, 955, 956, 958, 959, 961, 963, 964, 965, 966, 967, 968, 969, 970, 971, 972, 973, 974, 975, 976, 977, 978, 979, 980, 981, 982, 983, 984, 985, 987, 988, 989, 990, 991, 992, 993, 994, 995, 996, 997, 998, 999, 1000, 1001, 1002, 1003, 1005, 1006, 1007, 1008, 1009, 1010, 1011, 1013, 1014, 1015, 1016, 1017, 1018, 1019, 1021, 1022, 1023, 1024, 1025, 1026, 1027, 1028, 1029, 1030, 1033, 1035, 1036, 1037, 1038, 1039, 1040, 1042, 1043, 1044, 1045, 1046, 1048, 1049, 1050, 1052, 1054, 1055, 1057, 1058, 1060, 1061, 1062, 1063, 1064, 1066, 1067, 1068, 1069, 1070, 1072, 1075, 1076, 1077, 1078, 1079, 1080, 1081, 1082, 1083, 1084, 1085, 1086, 1087, 1089, 1090, 1091, 1092, 1093, 1094, 1095, 1096, 1097, 1098, 1099, 1100, 1102, 1103, 1104, 1105, 1106, 1107, 1109, 1110, 1111, 1112, 1113, 1114, 1115, 1116, 1117, 1118, 1119, 1120, 1121, 1122, 1123, 1124, 1125, 1126, 1127, 1128, 1129, 1130, 1131, 1132, 1133, 1135, 1136, 1137, 1138, 1139, 1140, 1141, 1142, 1146, 1147, 1148, 1150, 1151, 1152, 1153, 1154, 1156, 1157, 1158, 1159, 1160, 1161, 1162, 1164, 1166, 1167, 1169, 1171, 1172, 1173, 1174, 1175, 1176, 1177, 1179, 1180, 1181, 1182, 1183, 1184, 1185, 1186, 1187, 1189, 1191, 1192, 1193, 1194, 1195, 1196, 1197, 1198, 1199, 1200, 1201, 1202, 1203, 1204, 1205, 1206, 1207, 1208, 1209, 1210, 1211, 1212, 1213, 1214, 1216, 1217, 1218, 1219, 1220, 1221, 1222, 1223, 1224, 1225, 1226, 1227, 1228, 1229, 1230, 1231, 1232, 1233, 1234, 1235, 1236, 1237, 1238, 1239, 1240, 1241, 1242, 1243, 1244, 1245, 1246, 1247, 1248, 1249, 1250, 1251, 1252, 1253, 1254, 1256, 1257, 1258, 1259, 1260, 1261, 1262, 1264, 1265, 1267, 1269, 1270, 1271, 1273}, {0, 1027, 522, 11, 1040, 530, 534, 25, 1049, 547, 548, 38, 1068, 45, 1069, 1072, 563, 52, 566, 569, 58, 570, 571, 1085, 62, 577, 1089, 579, 1093, 587, 595, 84, 86, 599, 603, 94, 1119, 608, 1126, 1128, 107, 108, 109, 1132, 1136, 117, 118, 1146, 125, 641, 642, 1154, 1161, 138, 1162, 1166, 662, 1174, 154, 155, 1180, 1200, 1205, 183, 697, 190, 1226, 204, 1229, 1231, 721, 216, 1241, 1242, 1245, 1246, 1247, 737, 1249, 1257, 1258, 750, 251, 252, 257, 258, 778, 277, 281, 796, 287, 288, 289, 291, 293, 295, 813, 817, 308, 309, 310, 312, 313, 314, 322, 325, 326, 327, 840, 330, 331, 332, 333, 852, 344, 349, 354, 360, 365, 880, 387, 388, 389, 900, 393, 398, 408, 411, 420, 421, 423, 428, 434, 436, 948, 439, 447, 452, 456, 970, 462, 465, 467, 469, 487, 490, 492, 497, 499, 502, 503, 1014, 1023}, {641, 387, 38, 423, 1072, 434, 183, 570, 1085, 62, 325, 326, 204, 1241, 1119, 608, 1128, 1257, 490, 1258, 492, 497, 502, 1146, 251}, {326, 1128, 1257, 490, 492, 1146, 62, 1119}], 38: [{1, 4, 10, 12, 14, 527, 1054, 32, 1058, 39, 40, 556, 1074, 1078, 1080, 58, 570, 61, 1089, 1093, 1095, 1099, 1104, 84, 1113, 92, 94, 1119, 97, 107, 1132, 111, 1138, 116, 1140, 121, 1146, 1158, 138, 672, 176, 1208, 190, 196, 197, 208, 1234, 212, 216, 1241, 246, 761, 764, 789, 291, 310, 325, 326, 838, 334, 858, 362, 365, 881, 891, 387, 388, 389, 393, 408, 922, 925, 423, 936, 940, 437, 439, 440, 953, 443, 464, 465, 467, 988, 478, 991, 993, 490, 492, 502, 503}, {1, 4, 325, 326, 1093, 40, 492, 1132, 334, 464, 246, 310, 216, 502, 1146, 443, 1054}, {325, 326, 492, 1132, 464, 310, 246}, {325, 326, 1132, 310, 246}, {1132, 246}, {1132}, {1132}], 39: [{328, 1264, 1268, 86, 440}], 40: [], 41: [], 42: [], 43: [], 44: [{642, 1160, 138, 394, 150, 790, 536, 538, 411, 547, 810, 555, 1075, 310, 1208, 57, 570, 699, 193, 325, 326, 1093, 1224, 331, 591, 81, 465, 979, 855, 216, 730, 603, 94, 607, 1119, 1250, 740, 1125, 361, 490, 1257, 365, 1136, 370, 1017, 380}, {1250, 325, 326, 1160, 1257, 490, 331, 150, 57, 94}], 45: [{0, 7, 522, 527, 19, 1023, 1056, 547, 1062, 45, 566, 1080, 569, 1089, 579, 583, 1103, 603, 1119, 1136, 113, 1146, 1147, 639, 127, 1154, 1161, 1162, 1163, 154, 155, 1180, 670, 697, 712, 1229, 1238, 1245, 225, 737, 1256, 233, 1257, 750, 778, 788, 281, 284, 285, 796, 287, 308, 309, 310, 312, 313, 314, 315, 836, 325, 326, 840, 331, 332, 852, 344, 349, 354, 358, 888, 893, 382, 389, 393, 398, 423, 428, 436, 439, 444, 452, 970, 465, 469, 984, 487, 490, 492, 499, 1016, 511}, {325, 326, 423, 1161, 1257, 331, 332, 398, 1103, 465, 469, 566, 312, 313, 314, 796, 1023}, {325, 326, 423, 1257, 332, 398, 465, 314}, {1257, 398, 423}, {1257, 398}, {1257, 398}, {1257, 398}, {1257, 398}, {398}, {398}, {398}], 46: [{0, 1152, 642, 1153, 1272, 8, 1160, 11, 271, 25, 1179, 163, 291, 548, 1068, 1069, 817, 307, 309, 54, 314, 443, 445, 62, 1088, 193, 1217, 325, 326, 1222, 1097, 75, 333, 207, 465, 467, 595, 85, 852, 1119, 608, 1247, 1248, 483, 1251, 102, 1255, 744, 1257, 362, 490, 874, 497, 502, 887, 1142, 1146, 379, 894}, {0, 642, 548, 325, 326, 1255, 11, 1068, 333, 1069, 465, 817, 467, 1272, 445, 62}, {325, 326, 1255, 1272, 445, 62}], 47: [{1152, 1123, 326, 936, 1257, 490, 206, 1040, 948, 183, 443}], 48: [{1152, 291, 1123, 1224, 1257, 490, 75, 206, 1040, 1268, 406, 440, 1051}, {490, 1123}], 49: [{291, 548, 325, 326, 1059, 936, 1229, 526, 1230, 113, 465, 831, 23, 602, 222, 319}, {465, 325}], 50: [{16, 17, 548, 1061, 1063, 559, 1072, 1074, 51, 570, 1085, 62, 1090, 579, 1093, 1097, 75, 587, 1102, 84, 93, 608, 1121, 1126, 105, 642, 1160, 649, 138, 153, 1179, 673, 676, 1194, 194, 195, 1218, 1220, 202, 727, 216, 1247, 737, 1257, 749, 247, 771, 277, 288, 289, 293, 295, 298, 308, 309, 312, 314, 334, 361, 365, 373, 888, 379, 904, 925, 422, 424, 937, 429, 434, 439, 961, 469, 983, 475, 998, 487, 490, 492, 497, 505, 508, 1023}, {288, 1090, 548, 293, 1126, 295, 1160, 1257, 490, 75, 492, 84, 277, 308, 314}, {1257, 75, 84}, {1257, 75}], 51: [{0, 510, 25, 1054, 287, 291, 36, 548, 1059, 1064, 173, 1073, 434, 690, 308, 1075, 312, 184, 314, 443, 1091, 196, 325, 326, 1093, 1224, 1099, 332, 844, 80, 81, 465, 472, 89, 1241, 91, 1247, 864, 485, 487, 1257, 362, 490, 1140, 1017, 1146, 382, 127}, {325, 326, 485, 332, 465, 1075, 472}, {472, 325}, {325}], 52: [{0, 521, 15, 1040, 23, 25, 1058, 1059, 548, 1063, 557, 1070, 1074, 1075, 565, 54, 1079, 1080, 571, 1084, 1089, 1091, 581, 582, 1097, 80, 82, 595, 84, 1107, 86, 601, 94, 1126, 1128, 107, 1134, 112, 1152, 131, 644, 1161, 138, 650, 141, 144, 156, 1189, 166, 173, 174, 1207, 188, 194, 1218, 1220, 197, 1222, 1224, 202, 216, 217, 226, 233, 1257, 1258, 1259, 239, 250, 253, 258, 781, 786, 286, 287, 291, 307, 308, 310, 312, 831, 325, 326, 328, 329, 331, 333, 353, 362, 379, 380, 406, 424, 937, 427, 429, 437, 972, 462, 465, 471, 474, 490, 492}, {138, 406, 287, 291, 548, 1059, 166, 1075, 54, 831, 1091, 202, 331, 462, 80, 465, 86, 1128, 1257, 362, 490, 250, 380}, {291, 1059, 1257, 202, 138, 362, 490, 80, 465, 1075, 380, 287}, {1059, 1257, 202, 490, 1075}, {202, 490}, {490}, {490}, {490}, {490}, {490}, {490}, {490}, {490}, {490}], 53: [{450, 548, 38, 326, 1096, 1257, 138, 1130, 173, 528, 499, 1049, 251, 190, 222, 447}, {548}], 54: [{289, 314, 450}]}
Total MEscore: 230
Time:  249.33358298099483
